X,Y,Z,RX,RY,RZ
0.000,0.000,0.000,0.0000,0.0000,0.0000
272.188,461.370,131.889,-10.0000,26.9150,-23.9631
281.695,435.791,131.572,-10.0000,-1.4157,-46.0013
286.903,352.747,133.699,-10.0000,-7.7544,-50.5255
461.148,179.337,146.421,63.4743,17.8152,-31.8658
449.410,179.828,145.127,-10.0000,-20.7179,-29.4876
443.542,180.084,144.514,72.2371,22.0724,-28.3378
432.103,180.860,144.437,-10.0000,3.4217,-47.4231
420.088,181.256,142.512,80.0502,-4.2368,-48.0027
414.256,181.792,142.761,85.5255,-4.8164,-48.4158
402.036,176.698,143.392,-10.0000,-20.9696,-60.7239
390.369,177.298,142.228,-10.0000,-3.9059,-47.7673
384.538,177.899,142.676,-10.0000,-3.7588,-47.6627
372.826,178.599,142.027,87.9571,-21.1057,-60.8388
361.141,179.513,142.036,-10.0000,-15.7166,-56.4773
355.716,185.468,140.053,-10.0000,-6.9898,-49.9735
337.839,182.055,144.276,-10.0000,2.7785,-43.0334
332.452,188.144,142.677,64.0268,15.2692,-33.8701
320.732,188.786,141.851,-10.0000,-17.0346,-57.5124
309.146,190.498,144.312,-10.0000,-4.5555,-48.2298
297.933,197.337,143.645,-10.0000,3.8332,-42.2845
287.622,215.122,143.909,-10.0000,-6.2259,-49.4242
279.872,265.287,139.152,-10.0000,9.0894,-38.5045
272.501,377.024,138.730,-10.0000,18.0197,-31.7017
259.724,441.266,143.029,82.6047,49.2363,10.1088
251.127,427.866,153.938,62.2269,53.9689,31.4430
260.338,312.910,147.717,-10.0000,43.8496,-2.2135
269.573,237.793,147.131,-10.0000,-32.0575,-71.2850
281.098,206.404,148.431,-10.0000,-0.4716,-45.3335
291.724,192.717,146.933,-10.0000,-6.8404,-49.8659
302.632,181.276,152.346,76.0511,-54.3148,55.0754
313.971,175.971,153.075,64.4978,-54.6453,40.3178
325.802,177.848,147.403,-10.0000,-40.1537,-81.6248
332.438,186.900,148.760,-10.0000,-2.4548,-46.7371
342.874,168.668,154.284,55.3260,-54.6493,40.4218
354.531,168.461,153.847,56.4669,-54.6949,48.1438
360.449,169.670,149.558,69.9909,-53.7845,60.0743
372.149,168.883,149.942,63.9800,-54.2998,55.2521
383.865,168.207,150.666,85.2107,-48.9603,80.6793
395.407,165.070,153.266,57.3020,-54.4458,53.3710
407.369,167.379,153.331,74.7351,-51.1166,73.7357
419.145,168.107,151.301,76.4170,-52.1417,69.5384
425.180,170.483,148.573,-10.0000,-39.3191,-80.3911
435.756,228.080,149.612,-10.0000,11.4254,-53.2159
441.666,201.218,151.937,-10.0000,11.5163,-53.2835
449.431,178.754,152.757,-10.0000,-26.3698,-24.4793
467.017,179.086,147.050,72.0225,15.4331,-33.7431
478.754,178.586,148.312,79.3373,-3.9720,-47.8143
484.603,178.171,148.439,-10.0000,-9.2724,-51.6292
490.638,179.254,153.172,-10.0000,-24.4417,-63.7464
502.151,176.959,148.915,-10.0000,-8.3822,-50.9806
514.236,180.880,149.397,56.9006,22.7011,-27.7942
520.068,180.302,149.345,-10.0000,-14.3504,-34.5777
537.354,175.391,152.502,86.5943,0.2429,-44.8282
543.202,174.974,152.619,-10.0000,-6.7352,-49.7902
552.781,184.028,154.220,52.3664,-54.1869,56.4917
561.635,185.138,150.287,88.2502,11.0589,-37.0562
572.889,178.629,151.966,83.1201,-14.0603,-55.2004
584.686,178.598,154.674,-10.0000,-6.9954,-40.0225
596.374,177.706,154.735,-10.0000,0.6907,-44.5116
602.237,177.416,155.242,-10.0000,9.7722,-51.9952
614.686,184.721,156.303,81.1431,7.9537,-39.3302
619.815,176.436,156.431,-10.0000,-13.6774,-54.9087
643.623,180.259,154.900,-10.0000,-1.3457,-45.9518
655.290,179.197,154.435,83.5550,9.5440,-38.1721
666.998,178.460,154.972,-10.0000,-5.4511,-48.8692
679.034,181.922,154.604,60.3822,19.2982,-30.6645
685.071,183.596,156.076,74.3377,13.2560,-35.4110
690.915,183.143,156.084,78.6734,4.1387,-42.0671
708.940,187.900,156.017,84.1169,5.7827,-40.8936
714.306,181.479,156.569,-10.0000,4.6262,-48.2801
825.905,252.624,154.935,-10.0000,16.6517,-57.2099
838.688,337.777,153.662,-10.0000,37.9404,-11.5459
845.469,349.120,152.155,-10.0000,27.7123,-66.8040
855.463,399.062,155.975,13.6085,46.9787,85.7370
861.720,447.168,153.313,-10.0000,-1.2033,-44.1490
869.772,461.334,160.707,-10.0000,33.3502,-72.7341
862.367,411.399,157.523,-10.0000,50.4381,76.1403
853.092,351.174,160.222,-10.0000,38.2536,-78.8838
840.982,301.988,158.217,-10.0000,18.7310,-31.1271
826.234,255.250,163.011,1.9538,50.6865,75.2882
817.950,225.431,164.387,83.9100,15.3013,-33.8453
810.796,209.683,164.813,83.2922,45.1413,0.2840
797.344,189.297,162.438,86.9497,-2.8949,-47.0492
785.521,188.891,160.284,-10.0000,-16.4527,-32.9468
782.618,188.768,163.526,51.7060,-54.6872,41.5711
767.519,184.533,159.675,-10.0000,-10.9817,-52.8866
761.239,179.348,161.227,89.0328,19.2650,-30.6916
749.979,185.817,159.419,-10.0000,-8.9843,-38.5811
737.721,180.001,157.630,87.1149,12.7206,-35.8152
731.892,180.575,157.994,-10.0000,-25.6561,-25.1450
717.572,184.644,161.380,-10.0000,-29.8877,-21.0210
708.525,182.429,158.090,-10.0000,1.4935,-46.0564
702.229,177.116,159.246,-10.0000,-8.0932,-50.7709
691.155,185.063,161.987,12.7932,-42.7141,-4.2453
678.345,172.685,158.910,81.3088,-46.1831,87.5297
672.369,171.622,158.227,84.5933,-45.1261,89.7468
660.735,173.408,156.927,-10.0000,-28.0618,-67.1452
649.509,178.911,162.964,13.9073,48.2264,7.3344
637.393,175.461,157.638,-10.0000,-1.4116,-45.9984
625.817,177.255,160.352,76.7671,0.8198,-44.4203
619.400,172.127,160.840,-10.0000,-32.8045,-72.1150
608.253,171.756,160.187,-10.0000,-35.2319,-74.9602
601.884,172.439,158.835,-10.0000,-33.1512,-72.5071
590.790,180.229,161.093,31.0112,41.4654,-6.3299
578.057,168.464,159.902,88.5083,-45.7323,88.4966
573.048,177.845,166.561,36.0934,-54.3557,35.4235
555.347,177.727,163.890,33.4330,-54.7208,43.1032
547.412,165.383,159.289,67.7137,-51.9562,70.3608
543.688,178.713,162.590,46.4630,-54.3279,35.0824
524.887,165.750,157.843,80.7604,-50.7572,75.0399
519.977,176.812,162.816,24.2927,-54.4888,37.2718
514.108,176.907,163.049,46.1949,-54.7230,43.2497
502.192,176.662,164.712,49.0735,-54.6716,41.0587
484.644,176.992,164.054,11.9851,-49.2119,10.0384
483.591,163.624,160.390,54.9506,-54.2432,55.8916
467.093,177.539,161.187,-10.0000,-43.2640,-86.7212
461.265,178.113,161.553,50.1801,-54.4991,37.4337
451.900,203.895,162.867,-10.0000,24.1597,-63.4930
440.695,247.723,161.519,-10.0000,28.3983,-67.4765
434.221,280.154,157.405,-10.0000,33.8967,-73.3657
420.493,316.336,158.536,-10.0000,18.3450,-58.5603
407.242,162.572,159.583,48.3791,-54.7321,45.9298
395.320,163.296,157.258,50.8278,-54.7272,46.4344
389.386,162.028,160.669,29.4540,-52.0292,19.9590
377.187,163.088,160.826,37.4599,-53.3895,27.1301
367.176,163.622,160.721,46.5278,-54.4789,37.1194
355.477,163.450,161.939,46.0250,-54.2905,34.6408
348.451,164.661,161.498,39.1845,-53.2870,26.4790
336.784,165.777,161.616,45.1211,-53.9607,31.3721
330.911,167.404,160.604,54.0058,-54.4335,36.4545
322.210,169.631,161.141,54.7522,-53.9832,31.5687
313.730,171.355,162.429,65.7733,-54.7350,44.5986
302.759,176.857,159.607,62.2177,-54.4679,36.9530
290.863,179.367,162.568,69.1705,-54.7325,44.1249
279.419,182.902,164.575,85.1989,-54.2275,56.0621
268.443,204.222,157.842,-10.0000,49.0500,9.5744
262.594,555.180,161.361,21.5822,36.1003,-76.0401
247.519,441.936,161.659,50.6694,54.7337,44.3181
241.692,421.509,174.874,43.4294,54.5239,52.1596
250.626,259.073,167.382,56.3124,54.6670,49.0809
262.501,190.610,171.240,57.1698,50.9587,74.3175
273.412,180.046,171.918,56.4167,-52.6411,22.8552
282.912,175.681,172.699,54.6046,-53.2945,26.5254
297.314,173.866,166.907,61.2389,-54.3277,35.0800
307.725,168.369,170.744,52.5365,-53.2293,26.1234
313.470,167.119,168.301,56.6727,-54.0921,32.5659
329.973,163.880,168.251,45.1636,-53.7785,29.8794
337.694,160.184,175.690,31.6173,-53.0284,24.9397
342.416,160.550,173.999,34.2859,-53.2693,26.3688
354.395,162.047,166.897,27.3984,-50.9518,15.6573
365.902,160.025,174.620,16.6871,-49.5438,11.0166
377.628,159.669,174.253,16.2152,-49.6591,11.3652
383.444,160.929,167.343,19.4846,-49.8907,12.0809
393.031,160.303,166.973,17.0488,-49.3651,10.4850
406.731,159.919,167.659,25.2120,-51.7924,18.9389
410.437,158.695,173.254,16.0254,-49.5964,11.1749
425.747,318.831,167.383,-10.0000,16.6153,-57.1811
433.281,294.761,171.191,-10.0000,30.1430,-69.2429
447.051,237.853,170.632,-10.0000,34.2844,-73.8209
456.865,194.290,172.090,-10.0000,29.0053,-68.0816
466.964,174.034,172.068,-3.8943,-43.4454,-2.9530
473.070,177.025,170.844,8.5000,-50.8801,15.3979
489.328,160.137,169.649,35.4645,-53.7316,29.5200
495.149,159.651,169.445,36.9556,-53.2761,26.4111
505.941,159.048,169.567,46.9386,-54.7356,44.9596
513.920,173.486,170.265,16.2338,-53.6867,29.1840
529.342,158.511,173.928,27.0970,-53.0568,25.1022
537.455,173.318,175.559,29.8188,-54.5199,37.7724
549.513,176.097,176.371,14.3596,-50.0723,12.6571
555.222,175.478,167.963,18.0036,-51.1456,16.3728
567.125,176.282,173.377,-7.3934,-46.7161,3.6584
573.025,175.746,173.270,-4.4167,-45.0133,0.0266
583.694,164.207,167.107,60.8994,-53.5797,61.5874
596.598,177.618,174.479,16.0643,-51.6476,18.3381
607.240,164.152,169.521,41.3695,-54.6331,40.0137
613.367,164.721,168.915,41.1876,-54.4251,36.3374
627.129,178.621,176.275,-10.0000,-34.1363,-16.3537
631.799,176.711,170.575,3.2259,-50.6696,14.6528
643.793,179.454,171.321,10.0311,-51.0347,15.9605
654.391,165.541,169.129,22.6691,-52.9596,24.5515
661.646,181.618,173.916,-3.3793,-46.5312,3.2406
673.335,180.782,173.707,-10.0000,-43.0920,-3.5846
689.865,168.293,167.102,53.3540,-54.6614,49.2448
690.837,179.120,173.526,-9.6307,-38.0529,-11.3922
705.319,167.593,167.844,64.9841,-54.4453,53.3785
720.040,176.776,173.086,1.5547,-28.8171,-22.1070
725.869,176.156,173.048,2.2554,-48.2809,7.4769
732.075,180.466,171.391,30.6823,-54.7150,42.7590
746.596,166.829,169.499,59.2235,-53.6886,60.8020
754.736,169.706,167.594,76.5826,-49.6359,78.7054
761.647,182.943,169.367,0.1539,-49.4473,10.7283
773.614,184.575,174.509,31.6388,-54.4675,36.9470
784.496,173.739,168.463,78.0591,-45.5985,88.7773
791.319,186.137,170.213,-3.4533,54.3640,35.5274
802.001,193.577,176.579,-10.0000,48.2834,82.5167
817.654,220.907,169.371,88.1452,-49.3206,79.6456
821.847,227.287,170.966,-10.0000,20.8095,-60.5892
836.170,263.283,171.002,48.1249,-50.8770,15.3869
849.079,299.395,171.060,-10.0000,41.2241,-83.2834
860.027,367.262,173.202,-3.9456,48.3446,82.3558
868.675,416.925,168.819,-10.0000,43.4759,-87.1022
877.590,477.349,173.675,-10.0000,36.4064,-76.4293
879.468,492.026,181.158,-10.0000,43.3264,-86.8327
872.553,431.241,182.711,2.7334,49.5018,79.1094
861.536,376.396,182.495,16.3675,53.4717,62.3286
853.844,338.418,178.000,0.8250,50.0306,77.4766
840.092,311.175,181.369,-10.0000,52.6944,66.8716
828.219,236.006,180.200,-2.1309,48.2144,82.6970
823.276,225.240,183.905,-10.0000,49.9559,77.7138
807.548,200.535,180.254,-10.0000,54.1040,57.3200
801.954,189.824,183.968,-10.0000,52.8545,66.0255
789.959,167.806,179.289,47.1468,-54.0400,57.9209
779.503,183.599,180.751,13.1065,-49.0223,9.4958
772.197,163.115,181.692,33.0388,-54.1598,33.2316
761.647,181.803,181.998,-10.0000,-43.3151,-3.1875
749.830,179.800,183.208,-10.0000,-27.8496,-23.0623
738.006,178.862,184.000,-8.7909,-47.1208,4.5959
735.064,179.399,180.863,3.2718,-49.9164,12.1617
720.258,178.469,178.692,-10.0000,-19.7405,-30.3008
714.423,182.031,177.785,-10.0000,-10.9645,-37.1261
702.975,181.848,184.472,20.2342,46.9809,4.2681
688.493,168.344,183.695,-10.0000,-33.4604,-17.1395
685.485,184.822,178.058,-10.0000,-16.5834,-32.8440
672.080,185.783,178.270,37.0856,41.5753,-6.1522
662.255,167.913,184.202,-10.0000,-40.4445,-7.9334
650.066,181.959,180.448,11.2462,50.0927,12.7225
642.524,164.065,180.531,-7.5521,-46.4911,3.1508
632.015,177.233,182.728,-10.0000,-33.7390,-16.8178
619.947,162.587,182.090,1.4883,-46.5578,3.3002
608.531,178.664,177.064,-7.8481,-47.1811,4.7382
602.542,177.230,183.865,-5.8518,-48.1119,7.0374
590.706,176.116,178.627,7.8350,-44.6685,-0.6554
584.870,176.642,178.696,11.3690,-45.6692,1.3708
570.408,179.062,181.588,-10.0000,-36.8587,-12.9869
559.972,159.620,179.091,4.5283,-48.4432,7.9056
553.708,159.060,179.315,2.9587,-48.7096,8.6251
543.584,174.674,181.037,7.4054,-48.4538,7.9340
530.404,157.188,181.099,10.8487,-49.8711,12.0195
518.568,156.130,182.725,11.3192,-49.2839,10.2473
513.796,171.545,183.396,11.2994,-46.7428,3.7193
502.264,172.273,183.519,3.8109,-48.2379,7.3643
496.211,171.111,177.981,21.1827,-51.6789,18.4669
478.864,173.648,184.036,29.0193,-53.3876,27.1177
467.008,172.631,183.856,6.1724,-31.4013,-19.4282
462.637,184.555,181.178,-10.0000,33.5222,-72.9317
453.483,222.409,181.602,-10.0000,30.7461,-69.8736
444.638,259.781,180.375,-10.0000,30.5292,-69.6455
435.742,295.409,177.046,-10.0000,28.8075,-67.8834
425.420,341.835,180.871,0.0773,11.6726,-53.4000
416.274,355.594,182.939,-6.5501,21.0504,-60.7921
396.831,157.140,186.315,18.4683,-49.5732,11.1049
389.450,158.652,180.158,16.0142,-49.5389,11.0016
378.377,158.355,180.072,18.2467,-50.5032,14.0801
370.780,159.006,178.304,19.7396,-50.3366,13.5200
365.873,158.491,181.286,23.7357,-51.2408,16.7327
347.082,157.368,185.968,15.1768,-49.9361,12.2236
336.471,157.899,183.323,23.4124,-51.7961,18.9547
330.393,158.185,182.843,14.8230,-47.3054,5.0342
324.787,158.877,182.880,17.0351,-46.5935,3.3807
313.226,161.644,182.428,14.4648,-41.4239,-6.3969
302.654,165.496,181.646,17.8753,-42.2382,-5.0571
296.062,167.714,181.161,18.9703,-42.0854,-5.3131
278.866,172.236,186.564,9.4374,-36.0188,-14.0628
273.179,175.182,183.290,16.3715,-34.6399,-15.7561
257.349,188.702,182.198,21.7796,22.2016,-61.7735
247.681,225.467,179.761,62.2455,54.7281,43.6479
238.489,418.645,182.089,36.9206,54.3699,54.3966
235.286,409.565,191.340,30.1382,53.1767,64.1944
246.759,571.178,196.638,0.0098,-54.3375,54.8010
258.868,181.996,196.132,17.3340,-8.7165,-38.7763
273.229,174.211,192.321,8.3273,-30.7904,-20.0795
278.832,171.452,192.784,6.7196,-35.4521,-14.7693
289.877,168.240,187.262,10.3458,-36.6951,-13.1993
301.766,164.327,188.194,10.5555,-37.5850,-12.0265
307.526,161.632,194.999,6.3033,-36.3636,-13.6254
318.997,159.114,189.179,9.0337,-41.4460,-6.3613
324.823,158.447,189.157,7.1413,-43.0069,-3.7347
338.277,156.150,193.996,14.5656,-47.4581,5.4024
352.827,155.289,195.502,21.3605,-50.9246,15.5583
359.705,156.910,187.681,21.5964,-51.1018,16.2092
371.703,155.592,194.320,20.4093,-51.5856,18.0860
377.569,155.446,194.126,20.1519,-51.6089,18.1803
388.261,155.648,193.798,18.8006,-50.0340,12.5343
395.038,155.739,192.857,19.9213,-50.1312,12.8466
412.171,364.691,190.838,-4.2924,28.7829,-67.8588
422.339,345.194,190.369,-8.3126,15.1004,-55.9994
432.197,322.410,186.909,-10.0000,21.0309,-60.7756
441.102,286.374,192.095,-10.0000,25.4368,-64.6526
448.085,250.671,191.086,-10.0000,27.7905,-66.8801
458.513,211.393,191.097,-10.0000,28.4791,-67.5565
466.956,174.751,190.333,-0.8997,9.7598,-51.9861
483.418,156.379,189.464,12.6899,-49.7076,11.5134
489.759,170.507,196.765,29.9522,-52.7488,23.4117
501.100,155.920,195.050,12.8796,-48.6947,8.5844
508.119,169.685,196.452,22.4718,-50.3357,13.5169
514.083,171.548,191.769,18.4937,-51.7278,18.6691
525.866,172.364,188.684,9.8063,-53.1862,25.8623
537.776,173.264,194.067,28.0095,-54.2941,34.6816
549.882,177.883,192.066,79.9090,-48.4812,81.9929
560.190,160.167,191.237,-2.2394,-46.6320,3.4677
566.081,160.351,190.933,-0.8169,-45.4478,0.9099
578.227,160.614,190.332,0.6711,-46.6465,3.5005
591.096,178.358,193.134,18.6281,-52.6880,23.0953
597.002,179.287,189.669,-5.3885,-44.4319,-1.1144
608.778,178.617,189.469,4.4154,-50.5242,14.1517
620.384,177.665,189.233,2.6157,-51.0806,16.1302
632.465,181.950,187.343,-10.0000,-35.7998,-14.3376
636.382,166.528,196.267,21.9988,43.1285,-3.5200
650.239,182.686,192.987,40.1829,46.3354,2.8048
660.937,170.057,190.037,-10.0000,-39.6786,-9.0836
666.477,171.536,192.399,-10.0000,-37.7351,-11.8244
677.263,188.958,189.384,4.8190,51.0013,15.8378
691.510,184.609,190.183,-10.0000,-21.5709,-28.7667
701.368,171.458,193.473,-10.0000,-31.1779,-19.6677
708.112,171.038,193.942,-10.0000,-29.0091,-21.9146
713.931,170.303,193.941,-10.0000,-24.9818,-25.7642
731.347,167.362,194.210,-10.0000,-23.1452,-27.4062
738.241,180.788,189.530,39.0065,42.1662,-5.1780
750.337,185.273,187.573,-10.0000,-28.3936,-22.5282
761.794,180.583,194.825,23.7391,-53.9316,31.1225
771.915,161.243,188.332,14.0376,-49.7929,11.7761
779.346,179.324,194.536,5.7331,-33.3582,-17.2567
785.242,180.641,187.642,11.0146,-50.4912,14.0392
797.294,183.410,192.411,-8.1823,53.8306,30.2896
806.942,191.240,189.467,3.4283,54.2498,55.8191
814.554,211.029,195.048,17.9588,54.3645,54.4656
827.706,232.290,187.595,15.0174,54.4153,53.7979
837.499,276.076,191.451,-10.0000,50.1980,76.9364
851.750,317.659,189.645,6.8407,49.9226,77.8189
858.882,372.844,189.932,14.6688,52.9332,65.5953
867.921,416.692,193.799,30.4953,54.5842,51.0577
880.746,501.165,190.465,1.3898,46.9822,85.7288
881.679,517.740,203.531,11.1653,48.6191,81.6216
878.369,493.846,205.276,23.6437,53.3515,63.1142
863.027,409.687,205.019,28.5869,53.9296,58.8949
856.609,358.100,200.987,8.5608,49.6605,78.6303
841.564,322.169,200.972,43.9360,54.5687,51.3610
831.637,274.885,204.586,61.7649,51.3213,17.0414
822.324,236.253,198.709,6.2376,49.0369,80.4628
814.722,212.845,200.620,10.8786,54.6691,49.0180
807.451,194.861,200.621,-10.0000,54.5628,51.4721
791.231,180.110,199.876,24.9508,49.6218,11.2520
790.271,165.116,204.743,17.8785,50.8539,15.3040
779.554,180.811,200.153,-10.0000,-24.3241,-26.3595
768.206,186.088,198.905,-10.0000,-9.1098,-38.4896
756.861,191.497,197.190,-10.0000,-18.4953,-31.3181
745.108,187.007,199.557,21.9998,42.5764,-4.4825
739.113,189.872,198.872,-10.0000,-28.1476,-22.7706
723.505,173.871,204.689,-10.0000,-34.5552,-15.8574
714.454,174.827,204.780,-9.5659,-39.6050,-9.1919
708.579,174.836,205.019,-9.0749,-41.7192,-5.9178
697.978,189.758,206.691,28.4231,-54.3179,34.9617
684.960,174.517,199.929,-10.0000,-36.1619,-13.8820
679.274,176.133,205.763,-5.2602,-41.9996,-5.4558
668.365,175.398,206.524,-6.6058,-45.6744,1.3818
654.980,171.457,199.251,18.4104,45.8543,1.7619
644.623,184.930,198.205,-10.0000,-33.9186,-16.6088
638.572,181.515,205.730,5.2248,51.0979,16.1947
626.671,180.724,200.311,-8.0552,-47.5688,5.6722
620.816,181.008,200.461,-10.0000,-39.4403,-9.4329
608.730,176.659,202.372,22.0309,-54.2425,34.1014
597.050,177.620,202.540,11.5554,-51.2079,16.6077
584.943,172.989,204.545,24.6518,-54.3349,35.1673
573.273,174.074,204.673,15.8061,-52.0091,19.8705
561.273,171.464,202.721,21.9169,-52.1923,20.6918
555.474,171.864,206.124,16.8888,-49.6495,11.3361
548.516,157.963,198.598,10.9534,-51.0693,16.0883
537.713,173.035,200.295,25.3053,-52.7760,23.5549
525.889,170.368,201.664,14.9128,-51.8290,19.0937
514.047,169.350,202.465,-0.9740,-44.4735,-1.0342
502.321,169.555,202.898,13.2446,-52.0509,20.0551
496.241,166.909,204.009,26.5794,-54.1456,33.0890
484.583,168.046,204.048,43.6754,-54.1096,32.7348
478.570,168.214,204.252,33.8117,-51.9527,19.6242
464.758,184.179,199.690,-10.0000,36.2164,-76.1871
457.496,221.959,200.035,-6.4561,36.3479,-76.3545
447.546,267.432,204.250,-10.0000,30.6336,-69.7552
440.250,303.330,198.948,-10.0000,32.5697,-71.8519
428.121,335.926,201.180,-3.6199,14.6138,-55.6244
420.434,352.357,202.319,-5.2963,27.7443,-66.8352
406.831,152.216,206.299,8.2251,-45.6745,1.3820
398.518,153.038,206.302,9.1125,-46.3612,2.8617
388.535,154.167,202.173,14.7974,-49.1749,9.9315
371.653,153.779,201.078,13.3803,-49.8014,11.8027
365.422,153.746,200.999,13.4823,-49.2427,10.1273
354.044,154.053,201.714,14.7517,-49.8345,11.9053
342.343,154.707,201.985,9.1212,-44.4895,-1.0033
332.718,155.778,204.227,4.2169,-40.7646,-7.4398
324.983,157.644,198.557,4.2782,-40.5592,-7.7575
318.855,158.433,199.942,1.5089,-39.6012,-9.1974
307.589,161.328,201.261,2.5735,-34.0389,-16.4681
296.134,165.197,200.475,5.4796,-34.4272,-16.0099
290.527,167.249,200.759,5.3730,-34.5107,-15.9105
271.240,171.916,205.542,27.5550,-47.7916,6.2240
261.592,179.200,197.323,17.2925,-25.2454,-25.5233
254.359,182.535,202.056,23.3306,-14.9514,-34.1158
241.736,572.582,199.722,45.6909,52.2210,20.8231
232.809,397.229,200.328,27.2883,51.7433,71.2668
229.447,404.362,211.771,27.5575,52.3036,68.7932
238.890,544.672,208.205,25.6399,46.4419,86.9591
251.040,179.032,211.857,28.9889,-23.4647,-27.1250
261.496,171.796,212.084,35.8192,-47.5651,5.6634
273.311,168.429,213.620,31.7008,-50.3557,13.5835
284.656,166.135,214.956,30.8321,-51.0228,15.9169
295.370,164.096,213.023,15.6716,-43.1827,-3.4237
301.985,162.567,213.421,10.4219,-39.9314,-8.7086
309.830,160.879,208.100,0.0964,-36.0392,-14.0371
324.493,157.548,207.608,1.5091,-38.6785,-10.5238
337.190,154.202,216.166,3.8395,-41.2223,-6.7196
342.050,153.959,208.139,5.5842,-44.0778,-1.7877
355.582,153.147,214.113,-2.7136,-44.6138,-0.7622
365.825,153.259,207.653,-0.0468,-46.4066,2.9625
371.729,153.631,207.288,2.1030,-46.5855,3.3626
383.583,153.790,212.915,2.3152,-45.2506,0.5057
389.421,153.276,212.842,5.4287,-44.6630,-0.6661
401.090,152.435,212.598,5.4605,-45.8455,1.7432
413.517,377.597,211.634,-2.5703,31.1800,-70.3344
422.011,352.177,211.561,-10.0000,23.7405,-63.1192
437.816,314.499,213.554,-2.0783,26.0832,-65.2521
445.414,282.679,211.440,-10.0000,25.5839,-64.7883
455.037,244.410,211.334,-7.7160,43.1465,-86.5120
462.853,212.172,209.163,-10.0000,24.3847,-63.6950
470.277,181.793,212.571,-10.0000,25.7727,-64.9630
478.551,164.959,211.538,-4.5149,-30.4866,-20.3991
490.178,163.835,211.456,10.5069,-48.5836,8.2824
501.471,151.192,209.013,26.2088,-52.9692,24.6051
513.999,167.435,209.273,5.7290,-45.9917,2.0558
520.051,168.566,214.822,-2.0448,-48.7408,8.7109
531.923,170.124,213.827,12.3513,-47.6601,5.8969
543.697,170.920,213.105,-2.4075,-46.3994,2.9466
549.579,170.466,212.988,-5.9488,-45.6640,1.3598
567.208,170.470,212.261,3.2100,50.4604,13.9348
571.969,157.048,210.263,19.6735,-52.0519,20.0596
578.905,169.736,212.018,-4.4948,-47.6231,5.8058
597.097,175.782,215.486,5.3860,49.6108,11.2187
601.728,160.360,214.161,-5.0223,-48.4168,7.8355
608.976,178.614,207.893,11.2296,51.8460,19.1655
624.063,183.310,208.827,-10.0000,-33.6124,-16.9644
637.767,170.044,214.327,14.6771,45.8181,1.6851
638.356,184.951,216.346,13.5614,52.3715,21.5278
655.706,173.757,213.705,-6.8581,-47.0339,4.3919
667.585,175.531,212.647,3.3725,-47.6502,5.8725
668.646,188.241,214.637,6.9527,-51.9365,19.5540
680.537,191.198,207.019,-10.0000,-36.1275,-13.9256
689.910,191.983,212.508,23.8305,-52.8945,24.1917
698.185,189.771,215.664,13.9421,-50.6114,14.4511
709.923,190.405,212.254,39.6296,-54.6561,40.6057
727.380,187.336,215.180,76.0855,-54.1886,56.4742
733.311,188.548,211.874,25.2837,-47.3282,5.0889
739.152,188.072,211.788,8.1723,-49.7810,11.7394
756.998,190.429,212.804,60.4322,-54.4084,53.8912
760.089,164.954,212.356,-7.3907,-27.9998,-22.9156
774.096,183.468,214.494,22.5003,-44.2410,-1.4793
780.006,184.736,211.183,1.7856,-40.4352,-7.9477
791.704,183.775,211.041,25.4488,49.2404,10.1208
803.164,193.148,207.513,49.8673,48.1793,7.2116
809.150,209.498,208.123,40.7915,53.8473,30.4237
820.104,244.124,208.725,50.5090,54.5760,51.2193
829.327,285.729,213.364,17.6111,54.7252,46.5920
848.080,314.110,215.644,16.2586,52.3423,68.6109
854.366,349.691,210.287,14.3486,52.4920,67.8901
861.389,417.133,212.423,39.4562,54.7355,44.8386
878.094,508.700,212.788,30.3390,54.1580,56.7870
879.804,532.736,211.068,12.9441,49.2902,79.7343
879.169,534.251,222.932,8.8701,51.3037,73.0265
871.924,486.863,220.143,32.4616,54.5355,51.9625
859.701,419.101,218.018,33.1273,54.6761,48.8005
851.337,339.643,219.073,20.6976,53.7723,60.1686
837.437,342.948,225.292,27.3779,54.4631,36.8806
834.633,261.282,221.044,34.3444,54.6797,41.3156
816.599,231.180,219.244,19.9813,52.6195,67.2545
808.746,207.652,221.053,81.1743,44.8597,-0.2792
801.875,195.217,219.213,19.7033,54.5913,39.0841
785.387,187.003,221.753,20.0369,52.9873,24.7068
784.599,166.929,222.973,24.9568,49.5202,10.9456
768.139,181.762,218.812,29.4859,-46.6878,3.5940
762.549,183.835,224.484,36.3820,-51.1088,16.2353
750.853,185.102,224.603,68.2790,-53.9617,58.6191
737.862,171.232,217.316,17.4955,-45.2741,0.5535
727.273,185.281,219.351,34.6648,-52.4917,22.1083
721.603,187.433,225.064,20.0971,-44.3661,-1.2407
708.345,174.014,217.638,24.2693,-51.4810,17.6665
698.079,187.744,219.752,15.7974,-51.5426,17.9128
690.269,188.404,219.786,11.8328,-47.4448,5.3702
680.492,187.666,223.885,48.9642,-54.0214,58.0910
674.014,175.097,219.080,12.8940,-49.2432,10.1288
661.736,174.742,219.311,7.5269,-49.4503,10.7369
649.875,173.339,220.256,0.5513,-48.7175,8.6469
638.142,171.536,221.323,-7.9481,-46.8296,3.9182
627.362,186.294,216.967,-10.0000,-33.3034,-17.3194
616.452,165.298,219.125,19.0480,46.6608,3.5328
606.374,164.074,225.604,22.3850,43.7426,-2.4111
597.242,177.437,222.324,26.1387,44.7161,-0.5622
591.407,177.216,221.403,-10.0000,-40.2154,-8.2820
579.135,171.584,217.573,24.6596,41.4842,-6.2996
567.513,172.144,224.035,-10.0000,-43.7042,-2.4817
555.671,172.138,218.360,-10.0000,-44.2504,-1.4614
548.167,153.784,218.638,7.4642,-48.3267,7.5971
543.774,170.252,219.463,8.0554,-49.8209,11.8633
532.183,169.319,220.252,7.2013,-45.2894,0.5847
520.284,170.460,220.363,-9.0587,-45.2403,0.4846
512.907,152.022,220.496,-0.5730,-48.6424,8.4419
500.645,149.800,223.928,-2.9778,-46.7098,3.6442
490.651,166.950,222.626,0.1163,-46.0610,2.2051
478.621,163.580,224.315,-8.7033,-33.4669,-17.1319
471.271,185.369,223.699,-9.0996,31.5317,-70.7124
462.501,221.445,218.495,-7.7262,28.8605,-67.9363
454.742,255.508,226.235,-9.7115,32.6435,-71.9344
442.973,291.832,221.073,-10.0000,31.5009,-70.6791
433.888,337.585,218.901,-10.0000,7.3603,-50.2406
424.387,354.724,219.885,-10.0000,22.1578,-61.7357
414.849,377.966,222.493,-8.4466,23.4995,-62.9057
401.166,151.754,218.284,6.5798,-46.7108,3.6465
389.485,151.816,225.646,9.6958,-45.7431,1.5262
383.663,152.532,225.653,11.6888,-47.2113,4.8098
366.066,154.106,219.700,-0.5606,-44.6231,-0.7441
355.039,153.454,220.203,-1.2048,-45.9132,1.8876
354.376,153.787,226.451,5.7956,-48.0965,6.9976
342.409,153.492,218.834,5.0255,-44.7529,-0.4901
330.870,154.924,220.884,10.5747,-43.8485,-2.2156
312.590,158.525,219.733,16.8548,-45.9488,1.9637
301.809,161.310,220.267,16.0323,-44.0689,-1.8045
290.388,163.463,219.773,20.2659,-46.2239,2.5596
283.980,164.818,219.501,19.6857,-45.9329,1.9297
267.857,166.591,225.886,10.4321,-40.0534,-8.5261
255.768,171.751,218.508,21.1268,-33.1812,-17.4588
250.146,173.963,224.183,12.5216,-13.9264,-34.9017
235.463,535.822,218.102,9.0986,52.4220,68.2304
226.540,408.719,224.270,18.0367,50.7133,75.1944
224.062,380.531,232.074,22.1528,51.9991,70.1733
232.935,534.200,231.505,17.7231,54.1815,56.5471
249.797,172.850,230.419,12.9521,-17.6340,-32.0107
261.593,167.688,228.365,9.9211,-38.2766,-11.0844
267.331,165.869,230.049,12.6562,-41.9480,-5.5414
278.842,163.869,232.449,10.4573,-43.7658,-2.3684
284.672,163.246,232.412,8.2695,-41.9727,-5.5005
296.177,160.019,232.987,9.9886,-41.3008,-6.5944
307.842,158.033,233.445,5.1075,-41.2944,-6.6045
319.360,155.795,233.406,-0.9468,-37.9092,-11.5884
325.025,154.635,227.370,9.8141,-42.5195,-4.5799
336.263,153.233,227.685,3.8160,-42.1451,-5.2133
348.343,152.848,227.471,4.7098,-47.3206,5.0708
354.760,152.632,232.489,3.6594,-46.8975,4.0747
365.372,152.753,232.638,9.6340,-45.7265,1.4912
377.680,151.473,231.997,12.1278,-46.8043,3.8600
383.652,151.471,231.595,13.3682,-47.8251,6.3078
395.300,150.443,231.568,11.8350,-47.7218,6.0499
407.143,151.040,231.337,12.1335,-49.1433,9.8406
419.599,371.781,233.033,-10.0000,24.4747,-63.7760
432.282,340.969,236.364,-8.2382,20.0895,-59.9880
441.162,306.813,228.608,-6.2050,36.0091,-75.9250
450.400,270.699,233.806,-9.8117,28.4830,-67.5604
460.872,232.670,233.419,-10.0000,31.4282,-70.6008
465.830,200.651,231.285,5.3462,38.7695,-79.6046
479.139,169.194,228.635,-10.0000,-17.5605,-32.0693
490.471,163.697,229.956,5.1245,-48.5379,8.1593
494.455,166.692,228.817,1.2179,-51.5057,17.7650
508.417,167.831,227.872,1.4970,-50.0524,12.5932
514.484,169.155,233.358,1.9799,-51.5823,18.0726
526.567,173.605,231.402,1.2521,-47.3878,5.2323
534.638,172.560,230.005,-10.0000,-33.6979,-16.8654
545.894,172.533,232.925,-10.0000,-34.0615,-16.4416
560.468,155.746,235.825,-10.0000,-42.2586,-5.0227
566.460,156.862,235.197,22.0837,42.9892,-3.7658
573.715,175.239,228.940,34.9569,43.3410,-3.1411
590.369,162.503,232.396,28.0636,41.8796,-5.6545
597.882,183.274,228.553,28.2426,45.2947,0.5955
603.931,184.460,233.601,0.0580,-46.3344,2.8025
614.374,167.868,235.828,-3.5957,-46.8916,4.0610
626.236,169.297,234.875,15.8201,-51.3457,17.1359
639.289,185.120,235.359,53.5074,-54.7202,43.0633
650.963,184.090,235.213,21.5465,-54.2968,34.7135
658.341,187.358,227.673,9.5789,-51.3865,17.2945
665.023,188.676,233.166,20.2585,-51.0111,15.8737
680.281,183.824,230.964,34.2077,-51.7047,18.5733
686.123,183.368,230.963,54.8895,-53.1395,64.4161
697.536,184.517,234.526,48.9355,-54.4618,36.8614
709.684,183.048,235.585,60.0658,-54.6010,50.7142
715.605,182.913,233.801,50.9027,-54.6224,39.7591
728.669,166.412,231.411,54.2509,-54.7238,43.3062
738.796,180.270,233.108,27.8927,-44.1940,-1.5685
750.180,176.010,233.730,37.0316,-54.6326,40.0015
755.059,163.293,231.522,40.3475,-52.3002,21.1910
768.077,178.206,234.707,25.6054,-49.9184,12.1679
778.737,165.535,229.819,11.2788,51.3713,17.2353
790.225,173.255,232.184,14.0850,52.9833,24.6842
792.581,196.061,231.700,31.0444,51.0924,16.1740
809.139,216.952,230.333,20.0371,54.6736,41.1181
813.676,234.097,227.433,62.1673,53.4275,27.3783
822.804,273.632,229.848,22.6564,53.3531,26.8956
835.035,351.397,231.946,54.3453,54.0565,32.2312
848.790,351.131,234.405,28.8722,54.1438,56.9292
858.559,426.610,227.331,36.6998,54.7244,46.6503
869.936,490.879,231.310,29.2936,54.3068,55.1696
877.637,532.815,229.629,16.5151,53.2124,63.9792
875.849,531.035,242.614,12.5195,53.0754,64.7909
864.355,489.566,245.087,44.4880,54.4331,36.4478
855.192,445.111,241.280,61.0083,52.9545,24.5231
847.752,357.491,239.553,39.6753,54.6838,48.5462
832.689,354.292,240.207,39.7475,54.6583,49.3320
821.148,280.292,239.654,45.3034,54.0873,32.5210
811.977,244.465,239.779,45.1768,53.3043,26.5870
804.349,220.920,241.583,61.0980,49.3928,10.5667
791.940,204.013,241.565,46.3943,48.3328,7.6133
785.501,191.937,239.391,44.0270,48.7458,8.7244
773.961,182.358,242.199,20.5148,53.2212,26.0740
765.169,177.325,241.958,-3.3391,-48.6297,8.4074
756.125,173.750,246.576,-5.9587,52.8411,23.9024
749.038,160.589,238.320,53.9247,-54.6422,40.2379
731.454,160.855,239.454,56.6684,-54.7296,46.2069
725.772,162.712,237.869,61.3326,-54.6972,48.0543
715.318,178.775,242.740,56.1091,-54.6552,49.4181
707.409,164.394,238.701,62.2204,-54.4741,52.9535
692.603,166.358,238.849,50.7036,-54.5646,38.5633
686.087,180.924,242.342,14.3054,-46.8615,3.9915
673.283,168.703,239.295,36.3326,-52.4708,22.0061
661.770,169.716,239.465,35.9688,-53.9029,30.8799
657.038,185.527,240.661,37.7572,-54.6449,40.3072
642.765,168.934,240.522,38.5019,-54.2417,34.0922
633.158,180.129,246.187,9.6098,-48.0319,6.8320
627.320,180.621,246.298,-10.0000,-44.8869,-89.7747
615.647,182.199,243.448,42.0548,-54.6968,48.0727
603.823,182.422,237.697,12.1340,-49.6437,11.3186
592.160,182.643,244.234,9.2998,-48.3818,7.7426
586.071,181.185,238.831,-5.7308,-44.7592,-0.4776
574.178,178.985,240.036,-7.2431,-48.7835,8.8283
560.801,177.869,240.949,21.1693,46.7586,3.7555
556.218,174.929,242.113,18.1449,46.9167,4.1192
543.047,173.749,243.020,-10.0000,-40.4447,-7.9331
536.970,155.153,243.111,-5.6899,-44.5407,-0.9041
526.385,169.941,238.778,16.0207,-51.9543,19.6311
514.677,170.525,239.070,-10.0000,-43.5709,-2.7254
508.696,169.156,239.760,-9.9662,-43.7159,-2.4602
496.748,166.864,240.978,-4.1841,-48.5758,8.2614
483.839,151.539,246.514,-0.3325,-44.2434,-1.4748
474.085,172.034,240.251,17.1450,19.4173,-59.4333
464.982,209.922,240.637,-0.8247,38.9205,-79.8187
457.057,256.459,244.328,-5.3254,34.1165,-73.6230
447.068,291.393,239.546,-10.0000,27.1677,-66.2784
438.962,324.005,242.852,1.6464,32.6400,-71.9305
424.376,361.076,242.484,-10.0000,17.8960,-58.1991
419.605,375.524,237.982,-10.0000,25.9277,-65.1070
401.231,149.433,238.269,13.4499,-49.2978,10.2879
383.675,150.435,238.671,11.0670,-47.2731,4.9570
372.102,151.587,244.934,5.8167,-42.7129,-4.2474
360.423,152.552,245.102,9.0291,-47.7455,6.1089
354.486,152.915,239.062,3.6010,-46.3944,2.9353
342.759,153.248,239.437,3.2920,-45.0175,0.0351
330.928,153.241,243.937,12.2298,-45.1005,0.2018
324.978,153.990,245.403,11.8468,-43.4272,-2.9859
319.481,156.236,239.423,2.8522,-39.3446,-9.5720
307.829,157.538,239.481,6.2748,-42.9321,-3.8660
290.443,161.100,238.943,9.6714,-41.1077,-6.9014
284.674,160.971,245.483,22.4582,-48.6335,8.4175
278.999,163.229,238.925,15.2829,-46.3704,2.8822
267.209,163.834,241.475,24.2487,-49.6027,11.1941
255.406,167.933,238.071,19.1633,-40.4857,-7.8704
240.426,557.688,241.616,-4.5575,-44.0344,-1.8693
231.570,537.873,242.259,39.2369,54.7331,45.7771
222.588,395.484,239.604,29.3098,52.9435,65.5379
219.849,374.414,250.056,24.7663,51.5719,71.9696
229.285,539.891,247.862,27.8919,53.1296,64.4743
243.314,168.765,250.818,33.7639,-34.9859,-15.3393
250.020,164.782,251.911,38.6651,-47.8866,6.4627
266.983,160.427,252.489,25.7888,-49.4194,10.6453
272.827,159.992,252.308,26.3523,-50.4670,13.9572
278.674,159.244,251.994,25.2889,-50.4322,13.8397
288.014,158.126,252.242,23.4732,-49.6392,11.3048
301.637,157.178,248.952,9.0413,-44.5762,-0.8353
308.736,156.651,247.504,7.5488,-44.9630,-0.0738
337.885,150.913,255.215,-2.8068,-42.9345,-3.8617
354.556,151.525,251.844,8.3556,-48.1566,7.1529
367.538,151.219,251.301,6.2267,-45.2131,0.4293
379.581,149.795,251.290,1.1573,-40.4869,-7.8684
393.887,148.688,251.988,-1.3216,-43.2088,-3.3774
402.047,148.405,250.525,-1.0929,-44.5463,-0.8933
412.386,148.954,249.640,1.1962,-47.4027,5.2683
425.406,372.019,251.208,-10.0000,23.8108,-63.1816
437.341,338.622,249.251,-10.0000,26.9173,-66.0391
443.594,306.257,253.353,-2.1393,39.4038,-80.5140
455.074,264.626,254.086,0.7532,38.8761,-79.7555
463.205,219.359,249.975,-8.7925,31.8640,-71.0732
471.851,181.468,249.609,-8.6732,29.4254,-68.5061
479.129,165.613,248.298,4.7127,-42.6054,-4.4326
490.957,165.441,254.033,3.7642,50.9747,15.7406
501.594,152.006,251.797,-8.6575,-45.8127,1.6736
512.924,173.446,253.608,-4.4877,-48.1698,7.1872
520.979,173.775,250.086,-10.0000,-40.1261,-8.4168
537.368,157.571,254.681,-10.0000,-41.1850,-6.7788
541.899,177.813,250.995,-10.0000,-39.6354,-9.1471
550.589,176.754,247.898,-10.0000,-36.8325,-13.0209
567.148,162.333,251.909,-7.0286,-46.7962,3.8415
568.370,177.581,253.062,-1.6200,-43.7014,-2.4868
580.275,179.567,251.926,16.8651,-50.3727,13.6402
590.856,165.424,249.924,14.6799,-51.8904,19.3554
603.232,166.326,249.230,21.3665,-51.3441,17.1295
609.672,179.752,250.655,18.4943,-51.0221,15.9141
627.203,178.466,250.352,12.8297,-46.7746,3.7920
633.044,178.008,250.260,10.1142,-48.2246,7.3296
638.888,177.585,250.157,9.6670,-47.9625,6.6550
651.629,163.322,255.408,22.6388,-51.8781,19.3026
667.474,166.317,247.219,41.8647,-54.1678,33.3124
672.838,165.205,247.687,37.4996,-52.7894,23.6260
680.332,179.766,256.450,2.8050,50.6155,14.4653
697.559,174.369,254.808,14.2231,-22.9287,-27.5958
703.317,173.668,254.944,27.1353,-50.3495,13.5630
709.185,173.540,254.744,12.8802,-48.9586,9.3160
726.722,172.335,254.414,-0.3665,-41.4285,-6.3895
732.546,171.656,254.395,-0.1242,-29.3450,-21.5755
738.411,171.497,254.205,-0.3145,-49.3066,10.3136
750.378,174.305,252.799,-10.0000,-40.0474,-8.5351
760.622,178.010,251.172,20.4914,50.2121,13.1096
768.449,179.848,250.252,32.4305,45.3793,0.7689
779.082,195.150,251.060,41.6879,49.6821,11.4355
792.525,219.959,254.700,74.0650,47.8982,6.4921
806.874,213.602,255.849,67.6418,50.7427,14.9089
813.403,259.126,247.173,-10.0000,34.0588,-16.4447
825.801,339.903,251.312,80.4742,50.0567,12.6069
830.301,362.859,246.900,60.6668,53.6272,28.7501
842.632,370.163,253.037,55.1902,54.5647,38.5647
854.055,460.306,248.013,60.1356,51.7710,18.8490
860.811,498.756,253.730,76.7198,45.9636,1.9955
874.875,534.773,253.770,59.9736,47.6628,5.9036
882.630,539.719,251.842,5.4902,-52.6812,23.0605
869.854,537.101,259.348,-10.0000,40.6300,-7.6483
862.510,539.088,263.975,-10.0000,28.3328,-22.5883
853.329,495.400,261.217,81.4270,47.5912,5.7272
840.730,409.595,257.650,50.9179,54.6712,41.0453
835.584,342.779,262.329,66.8767,53.0725,25.1924
822.346,368.006,260.835,54.4289,54.2469,34.1491
806.740,290.418,265.763,-10.0000,4.3849,-41.8918
802.061,263.775,258.571,80.6203,44.2586,-1.4458
788.087,235.213,262.315,72.6255,44.2968,-1.3731
776.584,205.489,263.324,72.2084,39.7708,-8.9474
769.270,188.966,259.557,58.1059,49.0195,9.4879
756.552,177.028,257.824,25.8967,47.9061,6.5120
754.909,158.524,263.801,35.5623,43.4324,-2.9764
743.212,156.311,265.111,24.0258,41.6721,-5.9948
729.955,174.453,262.841,-7.2443,-39.0958,-9.9310
719.534,155.213,260.278,9.7091,-47.8465,6.3616
715.151,173.125,263.161,7.9389,-50.7984,15.1061
697.739,176.407,260.449,15.2394,-17.6243,-32.0184
691.791,175.040,263.446,39.7007,-45.9284,1.9201
680.236,177.798,260.800,43.1528,-53.9283,58.9056
674.379,178.313,260.778,48.5492,-54.5024,37.4871
661.257,162.579,258.415,32.9886,-52.5105,22.2009
649.564,162.375,260.829,18.0657,-50.5806,14.3450
638.923,175.738,263.088,2.7897,-47.1391,4.6390
627.208,176.230,263.411,13.6308,-46.7463,3.7273
621.536,178.907,262.774,15.5052,-48.6775,8.5373
609.599,176.142,266.117,35.7054,-51.4501,17.5441
597.985,178.311,263.938,10.7702,-47.6555,5.8856
591.949,177.381,258.323,15.0100,-50.0920,12.7201
586.106,177.817,258.422,7.9907,-46.8708,4.0130
574.430,178.826,258.575,2.1030,-43.4318,-2.9777
556.715,176.561,266.206,12.2845,-52.4610,21.9586
549.418,160.739,259.328,-10.0000,-43.6792,-2.5276
538.964,176.118,260.916,1.1900,-48.8489,9.0095
531.675,159.668,266.526,-8.6477,-43.0382,-3.6796
519.915,175.562,261.881,15.8286,47.3648,5.1769
509.041,171.341,257.338,-4.9811,-48.5853,8.2869
497.253,168.613,265.074,8.2972,51.4686,17.6174
489.832,150.751,258.856,-6.6141,-44.3767,-1.2203
478.252,151.865,265.136,-7.7508,-41.9189,-5.5895
469.124,184.977,260.911,3.6704,39.7630,-81.0412
465.956,218.036,262.623,-2.0552,43.9549,-87.9821
456.168,260.778,261.458,7.7915,36.0744,-76.0073
445.063,304.470,260.048,8.1272,41.1221,-83.1214
435.249,347.298,258.848,-7.8379,26.4490,-65.5953
422.525,387.186,261.816,-10.0000,33.3755,-72.7632
416.069,412.811,262.998,12.8143,44.2010,-88.4448
401.450,148.839,256.952,-7.4198,-42.1066,-5.2776
395.556,148.623,257.264,-7.6891,-40.9882,-7.0900
378.036,150.042,257.525,-7.8257,-37.6738,-11.9071
372.380,151.749,263.368,-10.0000,-38.0415,-11.4078
359.985,151.295,257.610,-2.3145,-44.2479,-1.4663
355.730,151.510,262.720,-nan,nan,nan
336.950,150.681,259.009,-3.2403,-42.6357,-4.3805
331.242,151.727,265.070,-3.2961,-39.6021,-9.1961
319.612,153.334,265.026,6.2931,-43.9449,-2.0366
307.960,154.650,265.078,12.6749,-48.3381,7.6271
301.683,154.988,261.715,13.9245,-49.2992,10.2918
289.211,156.051,262.229,15.1124,-46.2735,2.6685
279.330,157.257,260.691,16.3125,-48.7564,8.7536
273.161,157.842,260.148,18.6570,-48.5061,8.0738
260.462,157.791,265.649,17.6631,-48.4759,7.9929
254.214,160.221,260.999,32.3927,-51.5971,18.1323
241.992,165.116,258.226,30.6779,-39.7799,-8.9338
227.697,542.647,259.364,47.0276,54.0906,57.4479
216.961,397.369,264.198,8.9565,47.1824,85.2587
216.864,401.489,274.497,-3.7472,42.5001,-85.3870
235.405,529.941,275.511,-4.4389,44.7643,-89.5323
238.320,164.964,270.757,2.5499,-13.5681,-35.1743
255.745,157.235,273.972,6.5845,-42.2292,-5.0721
261.499,156.576,274.267,8.3609,-44.4183,-1.1404
272.864,155.290,272.833,15.2737,-47.3921,5.2425
278.710,155.012,273.323,14.9887,-47.8612,6.3986
290.556,154.076,272.914,8.2302,-45.9459,1.9574
302.069,153.042,273.090,6.9803,-46.7251,3.6789
307.460,153.254,273.213,9.6631,-48.3028,7.5342
325.548,152.962,271.068,-9.1294,-39.2307,-9.7369
331.496,153.509,275.735,-10.0000,-40.0077,-8.5946
341.385,152.558,270.075,-10.0000,-39.9796,-8.6366
346.322,153.265,276.242,-8.8314,-41.0778,-6.9488
360.963,153.062,273.295,-6.5409,-43.8459,-2.2205
372.668,153.402,276.245,-4.7825,-41.1802,-6.7865
379.413,152.427,273.864,-7.9816,-38.3489,-10.9843
395.920,150.580,269.032,-8.0609,-40.1773,-8.3396
404.200,149.970,270.034,-7.6019,-41.0072,-7.0601
415.695,409.084,270.392,8.3494,36.0814,-76.0162
425.991,376.806,268.160,-10.0000,19.4017,-59.4204
435.525,348.602,270.746,4.7888,39.1773,-80.1862
444.434,302.586,273.010,8.5464,42.7441,-85.8066
454.143,270.190,270.813,-4.1140,36.2798,-76.2677
461.616,232.393,270.464,10.6924,42.5329,-85.4429
471.096,183.256,273.722,5.5827,42.6273,-85.6051
485.784,171.166,270.883,-10.0000,-36.2665,-13.7492
492.383,154.786,275.510,24.0197,41.2518,-6.6725
497.488,170.366,270.655,35.9521,44.2523,-1.4579
514.226,158.883,273.705,-10.0000,-42.8483,-4.0123
521.489,175.837,274.059,1.1299,-49.5745,11.1089
527.618,178.731,272.906,15.8258,-52.0664,20.1240
539.006,174.368,273.814,14.4343,-47.1479,4.6599
549.672,161.338,271.446,3.9295,-47.0120,4.3408
562.709,176.454,274.761,40.9868,-54.7212,46.8738
568.810,180.677,270.454,19.3271,-50.9355,15.5979
581.831,161.107,270.932,9.8242,-47.4125,5.2919
590.350,160.908,269.682,12.0303,-48.2204,7.3187
603.836,176.831,270.345,12.6656,-45.4318,0.8770
615.353,173.753,270.870,14.7437,-51.1922,16.5481
621.432,174.990,276.371,5.7197,-46.3047,2.7371
633.210,176.227,271.983,24.1285,-54.1043,32.6838
639.136,177.372,268.715,-1.2698,-48.7668,8.7821
655.396,159.498,273.857,13.0507,-49.0067,9.4517
661.268,159.422,273.640,10.7741,-46.8206,3.8974
672.382,158.757,267.085,16.3550,-47.6171,5.7911
678.756,158.360,267.008,13.9561,-44.9165,-0.1666
691.709,173.240,267.893,31.5373,-42.4223,-4.7457
697.314,168.897,275.245,21.4965,-1.4752,-43.9566
709.199,171.554,267.670,7.0128,-50.8295,15.2167
725.555,154.805,272.495,6.0559,48.0820,6.9604
731.535,156.148,271.841,13.6859,45.6006,1.2272
738.941,176.569,270.913,22.7294,49.4685,10.7912
751.169,181.177,269.030,66.6390,39.2260,-9.7436
758.154,195.968,268.031,75.3932,33.0246,-17.6367
770.943,207.811,269.078,78.7181,40.1988,-8.3072
781.961,231.916,269.759,81.6513,41.0728,-6.9567
794.638,232.696,275.149,80.4698,42.5156,-4.5866
799.489,285.819,268.601,71.5935,39.4530,-9.4143
808.999,360.261,271.527,63.1585,-51.1470,73.6221
817.893,383.250,268.395,40.9589,54.7183,42.9483
831.785,376.038,270.455,80.6791,48.9694,9.3463
841.965,499.447,272.851,83.3333,47.6732,5.9294
849.533,523.227,269.085,81.7567,46.3634,2.8667
837.892,522.340,282.450,-10.0000,36.4192,-13.5544
836.169,478.346,279.880,60.6143,53.5206,28.0025
820.517,374.436,283.556,69.6231,51.5521,17.9508
806.605,387.736,279.693,76.5397,48.3222,7.5851
798.356,345.415,280.431,-10.0000,35.5775,-14.6143
790.153,297.310,282.553,75.6160,46.7737,3.7901
782.196,271.863,278.500,86.5338,34.9388,-15.3964
767.555,238.637,280.094,72.7433,38.4849,-10.7951
757.185,213.445,282.952,-10.0000,41.7938,-5.7956
752.809,199.979,278.644,63.9804,44.8164,-0.3649
744.413,169.057,285.674,66.3698,40.4786,-7.8812
727.185,173.778,278.589,-10.0000,-39.2151,-9.7593
725.868,156.587,284.234,25.8035,44.8601,-0.2785
709.480,171.639,286.180,6.5355,-51.2752,16.8641
702.127,153.527,286.206,-7.5913,-42.5983,-4.4449
691.722,171.126,280.913,13.1290,-16.0885,-33.2325
684.677,155.869,286.163,14.3162,-47.0908,4.5252
673.007,158.097,279.754,7.0616,-44.1474,-1.6566
656.689,174.072,281.396,11.1475,-49.7341,11.5949
654.294,158.847,280.252,8.2567,-47.4378,5.3531
644.932,174.469,282.057,49.3643,-54.7142,42.7194
632.894,170.298,283.604,7.6703,-42.1872,-5.1428
621.506,174.834,283.792,10.2520,-47.7156,6.0345
615.675,175.390,284.100,18.5531,-50.3215,13.4698
603.696,172.700,284.025,17.4455,-50.0203,12.4907
592.078,175.412,278.565,28.9577,-52.3921,21.6261
580.487,176.578,283.720,12.8654,-44.7451,-0.5054
568.625,175.163,284.668,15.7150,-53.1572,25.6889
562.582,174.141,279.084,16.0705,-51.6238,18.2411
549.421,160.800,278.315,8.9846,-48.5781,8.2675
539.181,160.531,279.710,0.4834,-46.8906,4.0588
533.398,176.723,279.446,-0.2698,-38.8493,-10.2826
520.417,160.697,285.192,1.5510,-46.8852,4.0463
509.916,176.747,281.948,6.3737,-51.2299,16.6913
502.704,159.597,286.280,-10.0000,-43.9033,-2.1140
492.095,174.542,281.855,-8.6692,-46.7053,3.6340
477.039,173.420,282.841,-10.0000,-34.0770,-16.4234
468.720,174.108,282.960,-10.0000,-2.5128,-43.2217
461.218,228.294,284.146,22.3388,47.4303,84.6652
454.753,268.212,283.764,2.3799,27.7239,-66.8153
445.690,293.137,282.197,-2.8032,29.0087,-68.0849
435.027,336.785,280.774,25.7160,50.2346,76.8167
426.129,375.450,283.428,82.3184,53.6086,28.6167
416.063,395.763,286.405,-10.0000,49.2848,10.2498
401.709,151.079,280.797,-7.4005,-40.1119,-8.4381
393.754,152.215,286.881,-7.0099,-41.0425,-7.0045
378.438,153.442,286.851,-4.6708,-42.5481,-4.5310
372.759,153.620,282.449,-2.1474,-42.9787,-3.7843
364.594,153.845,281.004,-4.7109,-43.2549,-3.2951
354.976,153.158,277.402,-5.5416,-42.8516,-4.0067
342.544,153.622,282.064,-10.0000,-37.5354,-12.0930
331.764,155.091,282.452,-10.0000,-37.1100,-12.6578
325.706,153.882,276.928,-10.0000,-42.6563,-4.3451
308.194,154.264,283.692,-10.0000,-37.1931,-12.5483
302.290,153.891,284.056,-10.0000,-35.1527,-15.1366
293.560,300.127,286.189,-10.0000,9.6736,-51.9229
278.875,155.090,284.631,-10.0000,-29.2477,-21.6740
267.195,156.043,284.802,-10.0000,-28.5366,-22.3865
261.410,157.232,284.653,-10.0000,-28.1312,-22.7867
249.814,159.285,284.463,-10.0000,-22.1486,-28.2722
238.778,496.141,286.363,69.2833,-10.8587,-52.7956
233.292,502.147,284.693,73.3993,-16.0263,-56.7189
217.268,365.962,280.254,-10.0000,40.0295,-81.4381
220.905,381.318,290.226,-10.0000,23.3654,-62.7874
233.303,388.251,295.452,84.9855,-1.9239,-46.3611
243.812,372.877,295.410,87.2315,2.9972,-42.8783
255.702,374.344,296.081,87.6338,-1.9130,-46.3534
265.881,354.930,295.868,86.0155,-0.5170,-45.3656
272.628,373.571,296.516,-10.0000,-4.2621,-48.0207
285.376,377.893,295.106,-10.0000,1.3654,-44.0343
290.750,371.541,295.868,-10.0000,-5.7446,-49.0792
300.940,352.216,295.929,88.3351,-4.4861,-48.1803
316.759,475.557,289.845,72.4410,2.9850,-42.8869
328.054,434.820,290.295,-10.0000,12.9395,-54.3498
331.199,435.576,293.344,-10.0000,17.4810,-57.8672
343.631,155.427,288.020,-10.0000,-31.2822,-19.5561
355.381,154.113,289.120,-10.0000,-34.5880,-15.8182
366.761,154.047,292.387,-4.6340,-41.5288,-6.2276
375.115,153.828,293.683,-5.7593,-42.3941,-4.7935
385.115,153.970,293.594,-6.7531,-43.3811,-3.0690
408.117,152.278,292.555,-10.0000,-37.2522,-12.4702
415.159,396.026,286.991,-10.0000,47.5944,5.7351
423.991,347.591,292.235,-10.0000,36.8450,-13.0047
436.671,321.718,291.772,18.6903,33.2256,-72.5918
444.727,296.875,293.354,13.7769,44.8236,-89.6494
457.422,253.053,294.741,16.1173,44.7522,-89.5086
463.395,202.383,292.483,14.8805,43.3595,-86.8922
474.661,175.935,288.287,-10.0000,-23.5819,-27.0215
486.254,173.852,288.487,-10.0000,-42.7329,-4.2128
491.034,159.538,292.945,-10.0000,-43.7363,-2.4228
504.002,175.395,287.254,-6.5098,-45.3917,0.7943
509.846,174.974,287.151,7.9529,-50.4915,14.0404
521.749,175.779,292.565,16.1590,-51.3828,17.2799
533.719,178.373,292.555,15.7637,-50.3921,13.7052
545.404,177.452,292.524,22.7312,-49.0290,9.5147
549.169,160.040,291.043,5.2500,-44.1067,-1.7334
562.612,172.221,292.039,15.4498,-46.7488,3.7332
570.760,174.918,290.827,28.2439,-54.0360,32.0422
579.089,158.334,289.710,22.7271,-50.6752,14.6726
596.666,157.650,289.209,19.7239,-51.2765,16.8688
603.831,172.878,292.471,22.2745,-49.6488,11.3339
609.636,172.120,291.539,29.2931,-52.6520,22.9109
621.447,172.080,294.351,25.9187,-54.0184,31.8824
632.449,157.196,287.832,21.6778,-51.5485,17.9364
638.885,171.412,289.131,23.0203,-52.9849,24.6932
650.649,170.691,288.897,22.9901,-53.6429,28.8632
662.553,171.609,294.288,9.9708,-49.8365,11.9115
672.167,155.620,292.786,17.6334,-48.8121,8.9074
678.700,154.687,292.929,15.5435,-48.7936,8.8561
691.757,169.266,293.848,1.0738,-43.0409,-3.6748
708.228,155.300,291.545,23.4271,42.4931,-4.6250
716.193,180.268,295.429,73.4634,29.8877,-21.0210
721.803,177.946,289.787,56.7230,34.4555,-15.9762
729.732,193.387,288.095,-10.0000,26.3825,-24.4673
746.572,193.683,296.233,77.7924,34.1498,-16.3379
752.789,228.641,290.524,68.9663,42.0780,-5.3254
759.524,241.086,292.366,66.2861,50.7367,14.8877
775.106,252.142,294.752,86.0272,41.0882,-6.9323
788.183,332.109,289.763,72.9624,38.8821,-10.2360
792.830,361.234,288.873,74.8330,52.0959,20.2556
807.121,374.500,296.368,-10.0000,31.0518,-19.8023
816.099,416.721,294.580,71.8194,49.8419,11.9284
823.681,490.152,294.040,-10.0000,41.3703,-6.4830
831.233,475.084,287.524,83.0047,48.1613,7.1651
817.095,479.106,299.049,-10.0000,41.5562,-6.1832
810.784,463.712,304.457,-10.0000,40.1551,-8.3731
798.520,358.863,301.811,-10.0000,38.4329,-10.8676
785.616,383.007,297.700,-10.0000,21.2252,-29.0603
777.438,353.965,301.425,89.3077,42.6272,-4.3952
770.894,276.173,305.215,77.4566,44.0254,-1.8861
752.421,263.055,301.085,-10.0000,34.0091,-16.5030
748.017,245.696,303.672,72.7108,50.7629,14.9803
736.435,203.698,305.987,76.4686,32.1877,-18.5718
724.019,202.957,297.882,75.7725,23.7959,-26.8316
718.093,203.081,298.599,72.5606,24.1745,-26.4937
710.687,184.796,297.512,80.6218,23.6709,-26.9426
698.471,177.996,303.064,72.9701,31.0775,-19.7750
690.830,156.009,304.363,37.6145,35.3325,-14.9165
679.016,155.226,305.104,28.7956,37.4126,-12.2571
665.974,172.533,306.179,25.3223,48.1924,7.2457
655.390,154.105,304.037,9.3099,-46.8885,4.0539
644.831,169.239,301.955,-10.0000,53.9220,31.0412
638.875,167.883,304.415,0.6677,-45.7974,1.6412
627.197,168.853,304.595,26.7932,-51.6770,18.4588
615.515,169.796,304.693,2.7226,-43.4108,-3.0154
602.545,156.143,297.693,19.4593,-51.0530,16.0279
597.981,171.120,304.560,3.5496,-47.7437,6.1044
586.158,170.445,303.979,11.9588,-45.4221,0.8569
580.531,173.706,303.150,11.2246,-46.5221,3.2202
568.640,171.907,304.225,5.5290,-44.0209,-1.8946
556.933,172.500,304.514,9.8171,-47.5534,5.6345
551.073,172.712,304.686,15.2218,-47.2677,4.9441
539.276,172.141,305.358,21.1717,-49.5456,11.0219
527.620,173.410,305.425,21.3336,-51.8557,19.2069
518.852,174.598,302.318,11.6275,-46.3658,2.8719
510.089,174.704,305.726,10.3609,-46.9548,4.2076
496.338,175.861,305.868,3.6196,-43.2583,-3.2891
485.408,160.501,305.196,-10.0000,-39.7393,-8.9939
473.663,160.602,305.647,-10.0000,-41.2300,-6.7073
464.489,181.774,305.305,-0.3509,13.9152,-55.0898
459.275,222.882,298.206,3.9015,39.1707,-80.1767
447.879,278.567,299.177,12.2810,31.8262,-71.0320
440.778,306.447,302.736,-5.1023,23.0612,-62.5201
426.312,156.225,303.268,-10.0000,-35.9829,-14.1080
412.843,153.867,298.037,-10.0000,-34.7435,-15.6320
402.828,154.373,298.310,-10.0000,-35.7748,-14.3689
395.940,156.054,303.395,-10.0000,-37.8917,-11.6122
392.195,154.907,299.480,-10.0000,-35.3908,-14.8448
379.649,154.507,299.645,-7.5218,-42.9962,-3.7535
363.842,155.608,302.060,-10.0000,-32.4605,-18.2697
355.651,156.623,299.468,-10.0000,-29.4254,-21.4939
344.522,163.602,303.824,-10.0000,-7.5360,-39.6325
332.838,493.852,301.732,-10.0000,30.8647,-69.9991
330.841,462.424,299.702,-10.0000,29.5211,-68.6035
319.783,365.656,303.670,-10.0000,25.0373,-64.2864
310.164,394.757,298.532,77.5141,-5.5666,-48.9517
298.586,396.078,298.005,83.1390,1.2777,-44.0963
289.054,420.960,297.035,89.8209,-1.6778,-46.1868
274.919,465.913,297.047,86.9643,2.5198,-43.2168
265.245,491.515,297.393,86.4782,-2.9414,-47.0822
255.051,510.812,297.249,-10.0000,3.4452,-42.5602
249.768,517.775,298.392,87.7136,16.5073,-32.9039
238.550,524.701,297.965,-10.0000,-0.6069,-45.4292
327.807,386.571,312.002,-10.0000,29.2779,-68.3565
336.988,471.161,308.940,-10.0000,25.5123,-64.7222
343.706,485.438,316.353,-10.0000,20.7309,-60.5232
355.584,160.797,310.390,-10.0000,-15.3099,-33.8386
362.086,160.452,316.457,-10.0000,-14.2345,-34.6665
373.362,155.390,311.472,-6.9644,-39.0000,-10.0681
385.752,156.784,313.061,-6.7950,-46.6654,3.5433
396.623,157.842,309.514,-10.0000,-43.0822,-3.6018
404.639,158.688,309.578,-10.0000,-36.2637,-13.7528
420.604,158.365,308.559,-10.0000,-36.4719,-13.4868
427.853,158.370,308.271,-10.0000,-36.2966,-13.7108
438.484,160.492,313.297,-10.0000,-40.5468,-7.7765
449.619,264.778,309.755,26.5597,49.2765,79.7743
457.657,221.347,311.216,9.8913,46.3903,87.0738
469.506,180.004,311.797,11.0831,-35.2536,-15.0132
479.702,161.580,311.245,-4.7705,-42.8427,-4.0222
486.948,178.300,311.676,1.6259,-46.1692,2.4401
498.530,175.745,313.861,6.3030,-38.9637,-10.1197
507.206,173.686,315.425,15.9846,-48.3603,7.6859
516.033,174.172,313.226,20.8944,-50.9949,15.8143
527.657,173.318,311.560,8.3175,-43.1129,-3.5476
533.552,172.724,312.977,22.2567,-50.8180,15.1757
545.286,172.736,311.084,7.6918,-49.6577,11.3611
557.020,172.484,310.682,-4.6586,-44.2334,-1.4938
568.713,170.285,316.118,12.2658,-46.0192,2.1150
574.524,170.852,310.492,10.6255,-50.2449,13.2169
586.231,170.265,310.201,4.2823,-41.9988,-5.4572
598.048,169.924,315.991,5.9796,-49.0704,9.6324
603.875,169.291,315.957,7.4305,-46.1028,2.2958
614.480,153.016,309.206,6.8594,-45.9014,1.8624
627.119,167.013,309.574,8.1598,-46.3836,2.9115
638.795,166.010,309.420,4.6623,-48.6737,8.5270
642.804,168.861,308.327,1.1045,-48.9899,9.4041
656.728,169.964,307.395,16.9035,-49.8954,12.0958
662.580,169.662,307.253,9.5891,49.9797,12.3616
679.659,161.604,313.809,47.3550,36.0174,-14.0646
687.694,188.350,312.473,69.6395,39.7566,-8.9684
697.902,173.818,316.653,75.0064,30.6589,-20.2182
703.809,200.997,307.697,84.6990,41.2498,-6.6757
713.093,212.423,307.034,75.8726,31.1598,-19.6871
724.519,205.191,311.986,72.6239,34.1510,-16.3364
733.983,242.126,312.389,70.9268,39.6196,-9.1704
743.252,274.441,314.734,83.0238,41.6762,-5.9880
753.116,297.056,310.622,86.9732,42.0900,-5.3054
766.221,358.606,312.897,69.2846,40.0141,-8.5850
780.064,383.566,316.873,-10.0000,35.4636,-14.7551
785.711,382.589,313.038,-10.0000,38.9711,-10.1092
793.867,481.233,316.329,-10.0000,28.0704,-22.8464
805.693,486.794,308.619,-10.0000,32.0681,-18.7034
789.125,494.977,319.451,-10.0000,25.0156,-25.7334
786.715,464.702,320.743,-10.0000,24.2800,-26.3992
774.074,397.472,320.737,-10.0000,27.4630,-23.4375
759.185,416.829,318.908,-10.0000,31.3802,-19.4509
753.908,350.220,322.081,-10.0000,42.0070,-5.4435
740.537,321.532,325.262,75.5318,36.7356,-13.1468
732.971,271.047,320.793,53.6458,52.5261,22.2778
718.376,235.044,320.689,44.1560,44.3254,-1.3185
708.417,225.291,318.105,50.3930,47.4603,5.4077
706.476,203.129,325.877,66.9715,43.1358,-3.5071
694.415,187.669,324.952,72.9430,35.6269,-14.5530
686.842,175.885,322.689,72.1841,33.9838,-16.5326
669.718,182.917,319.863,68.0473,36.3717,-13.6151
663.148,173.426,318.324,18.6455,51.2169,16.6417
650.929,168.684,320.382,20.0203,45.6472,1.3246
645.089,169.166,320.466,21.5823,42.1125,-5.2678
632.213,154.499,325.765,-10.0000,-41.4854,-6.2977
621.732,171.114,320.794,-10.0000,-33.9231,-16.6036
609.824,169.084,321.944,24.9150,38.5461,-10.7096
603.990,169.812,320.837,-10.0000,-38.5509,-10.7029
592.111,167.994,323.028,-10.0000,-33.8381,-16.7026
580.722,172.480,323.437,-6.2842,-43.9989,-1.9358
571.680,170.356,320.019,-5.6760,-45.2107,0.4246
562.904,170.288,323.485,1.9551,-37.9072,-11.5911
555.819,154.902,321.826,5.0746,-46.4234,2.9998
545.367,171.498,323.815,7.9257,-50.2790,13.3293
533.437,155.622,317.645,16.0440,-48.9267,9.2265
522.172,170.748,324.990,28.0895,-53.5386,28.1264
515.889,170.862,321.945,28.7482,-51.0342,15.9588
504.280,173.282,318.760,10.4426,-46.1673,2.4359
492.819,177.088,317.994,9.6644,-40.1392,-8.3970
480.930,175.305,319.064,13.8593,-50.8953,15.4526
475.093,175.821,319.137,10.1686,-46.6354,3.4753
463.961,182.787,323.495,-10.0000,14.9812,-55.9072
456.852,221.364,320.493,2.6767,39.3447,-80.4282
448.186,268.555,320.918,2.1038,41.4536,-83.6510
431.240,161.609,325.450,3.7581,-46.0951,2.2791
428.181,161.464,319.617,-9.9471,-41.5394,-6.2105
415.465,161.201,326.010,-2.0644,-45.1145,0.2298
407.959,160.918,320.311,-5.3902,-44.8378,-0.3227
393.615,158.502,316.985,-10.0000,-45.7284,1.4952
379.476,156.172,323.299,-10.0000,-34.9023,-15.4406
373.633,156.956,321.135,-10.0000,-29.4447,-21.4743
368.002,159.823,322.584,-10.0000,-16.4826,-32.9233
349.597,494.122,325.662,-10.0000,25.6137,-64.8157
344.707,492.771,320.092,-10.0000,27.2580,-66.3651
333.871,370.703,322.218,-10.0000,29.6368,-68.7217
339.308,375.815,332.421,-10.0000,30.2352,-69.3385
349.941,482.994,329.223,-10.0000,25.7612,-64.9523
355.235,484.385,334.718,-10.0000,33.9637,-73.4439
368.305,162.631,327.824,-10.0000,-9.6725,-38.0780
379.890,159.283,334.601,-10.0000,-24.2251,-26.4484
385.510,157.238,328.861,-10.0000,-43.8427,-2.2265
403.489,160.484,333.239,1.9930,-48.0264,6.8179
409.437,161.433,332.685,2.4316,-47.7392,6.0933
415.332,161.661,332.369,3.6182,-46.7967,3.8427
425.296,161.092,330.107,6.2514,-46.4175,2.9867
444.037,285.559,334.058,16.0041,46.0110,87.9027
450.781,253.409,331.903,-3.7869,30.4995,-69.6144
460.466,209.865,333.337,-9.4365,28.1929,-67.2739
465.886,190.804,333.141,-10.0000,29.8465,-68.9367
476.570,159.174,331.612,10.3103,-48.4316,7.8748
485.375,159.067,330.456,17.3825,-49.1390,9.8283
498.477,171.939,331.768,11.5287,-40.8827,-7.2555
510.153,170.954,331.579,32.6094,-47.5775,5.6936
519.549,155.214,331.169,4.8496,-44.7597,-0.4767
527.666,169.412,331.388,3.9999,-49.1337,9.8132
539.349,168.497,331.204,-1.3514,-46.4602,3.0819
545.621,172.713,334.646,10.0983,48.1065,7.0236
563.322,173.438,334.776,-10.0000,-37.4220,-12.2446
568.971,171.623,328.968,-10.0000,-42.6881,-4.2903
580.644,170.577,328.827,0.5298,-45.2105,0.4242
586.717,171.994,334.282,24.6938,45.0928,0.1862
598.167,169.186,328.558,-10.0000,-36.4527,-13.5114
610.509,175.732,332.087,33.9181,36.6420,-13.2678
620.672,156.113,331.883,-10.0000,-34.9781,-15.3488
632.693,158.462,336.790,40.3321,36.6625,-13.2414
639.712,173.381,331.649,47.1026,31.7489,-19.0522
651.815,177.949,329.665,57.8434,25.2645,-25.5058
663.601,176.111,336.008,66.7616,37.5852,-12.0262
669.836,179.718,334.628,67.6133,36.9113,-12.9182
677.103,200.065,327.598,56.0278,34.4113,-16.0287
689.514,215.771,326.963,68.9487,41.2611,-6.6577
696.806,224.831,331.064,55.3564,44.8020,-0.3934
709.310,234.636,327.360,52.4190,38.7691,-10.3961
717.689,264.213,334.034,86.3680,35.7360,-14.4172
730.634,312.055,332.160,-10.0000,30.8019,-20.0674
741.968,347.411,329.612,89.3486,38.2701,-11.0935
753.646,416.799,336.488,-10.0000,36.6176,-13.2994
758.330,402.381,331.422,-10.0000,39.0576,-9.9857
769.246,452.649,335.538,80.6749,45.2213,0.4460
779.332,517.219,328.282,85.8344,39.3576,-9.5532
775.225,537.470,337.155,-10.0000,38.5685,-10.6783
763.328,510.075,340.388,81.2705,38.3791,-10.9424
756.929,455.944,343.496,89.9624,27.6907,-23.2170
747.534,412.826,341.860,-10.0000,41.2597,-6.6600
732.179,412.563,337.380,86.6043,41.7203,-5.9161
729.736,339.176,339.219,87.5847,38.4289,-10.8731
712.658,304.119,341.389,-10.0000,31.5773,-19.2384
709.634,267.260,341.403,-10.0000,38.9838,-10.0912
698.304,240.939,344.263,3.6944,54.7104,47.4737
689.739,207.468,343.193,63.2894,41.5275,-6.2297
672.121,209.575,337.028,60.8774,42.7565,-4.1719
665.867,204.516,338.945,52.2353,42.6088,-4.4268
653.125,192.762,337.126,70.5755,40.4361,-7.9463
641.009,188.022,339.166,54.6389,41.0343,-7.0174
631.776,180.748,341.912,54.7124,45.7305,1.4997
628.485,177.949,342.958,71.3477,40.2184,-8.2775
615.053,158.328,337.559,-10.0000,-34.3487,-16.1030
603.521,160.057,343.639,25.3737,39.2869,-9.6555
598.861,174.799,345.202,-3.9480,-32.1286,-18.6369
581.035,174.242,339.940,-10.0000,-38.7403,-10.4367
573.464,158.805,345.673,-10.0000,-37.2570,-12.4638
561.690,175.369,346.548,3.8603,51.4145,17.4040
557.621,174.311,342.365,-0.8579,-48.3372,7.6249
545.286,156.943,346.857,-10.0000,-38.4421,-10.8548
533.960,172.551,342.440,-10.0000,-37.0861,-12.6893
528.537,173.360,344.589,-10.0000,-34.1119,-16.3825
519.636,155.979,341.410,-10.0000,-38.0017,-11.4623
509.107,156.129,342.637,-3.2150,-41.5694,-6.1617
492.976,174.545,343.479,-10.0000,-41.0916,-6.9270
485.883,174.219,343.878,-4.2005,-45.4831,0.9829
476.670,174.981,344.010,7.0943,-25.6933,-25.1106
467.075,194.364,344.267,1.9908,36.5672,-76.6357
455.857,224.680,341.036,-2.2001,36.8105,-76.9505
444.184,270.616,345.078,31.7251,46.9062,85.9052
432.764,159.970,338.163,13.1790,-49.1478,9.8537
421.259,160.113,344.440,-4.2067,-38.5472,-10.7081
414.641,160.674,343.944,-9.7555,-38.9159,-10.1878
408.969,160.951,343.071,-10.0000,-37.6972,-11.8756
397.227,160.056,339.626,-10.0000,-41.8517,-5.7005
380.320,162.269,340.998,-10.0000,-18.5813,-31.2486
374.503,164.518,339.287,-10.0000,-9.9238,-37.8936
361.176,474.550,343.753,-10.0000,20.4579,-60.2947
357.441,499.431,342.441,-10.0000,21.0449,-60.7874
345.508,382.850,341.745,-10.0000,28.5386,-67.6155
351.635,385.420,350.798,-10.0000,30.4856,-69.5998
365.775,488.625,350.267,-10.0000,32.2876,-71.5385
368.730,452.585,354.066,-10.0000,13.8965,-55.0755
381.010,173.189,354.757,-10.0000,-8.2222,-39.1356
392.743,169.038,355.564,44.4081,17.1354,-32.4077
400.093,164.658,352.329,-10.0000,-25.1657,-25.5963
415.890,164.360,356.132,-10.0000,-25.2443,-25.5243
421.437,161.195,350.767,-10.0000,-29.2927,-21.6285
433.216,160.398,356.707,-10.0000,-30.2005,-20.6975
446.946,257.173,355.501,30.9233,43.0773,-86.3894
456.881,235.743,349.729,-4.5124,41.0243,-82.9668
465.550,209.322,351.798,10.4502,44.8505,-89.7025
472.046,177.192,349.646,2.7313,1.6987,-46.2016
481.211,173.233,350.557,-10.0000,-37.6241,-11.9740
493.325,175.008,349.406,-10.0000,-38.3505,-10.9820
504.907,175.703,348.777,-10.0000,-35.6777,-14.4899
510.789,175.785,348.508,-10.0000,-34.8652,-15.4853
521.248,158.894,353.571,-10.0000,-34.3175,-16.1400
534.897,175.483,351.513,-10.0000,-35.5279,-14.6757
540.026,173.881,347.923,-10.0000,-38.6757,-10.5277
551.877,174.743,353.337,-10.0000,-21.3117,-28.9870
557.550,172.507,347.649,5.9236,49.6921,11.4659
568.650,162.822,356.507,36.0062,34.0791,-16.4210
581.575,178.054,350.999,54.9000,32.5119,-18.2125
587.409,177.579,350.935,46.2561,36.6525,-13.2543
604.071,164.941,354.359,44.2526,35.4400,-14.7843
611.858,188.738,352.466,64.6780,26.9665,-23.9141
623.526,187.634,352.345,59.3280,31.2261,-19.6162
635.628,192.189,350.365,70.2438,30.6318,-20.2468
642.226,201.316,350.492,73.3782,36.0561,-14.0159
648.746,209.178,350.109,76.7310,34.3338,-16.1207
660.909,214.187,348.288,72.7359,28.3642,-22.5573
669.232,243.737,355.058,88.1634,19.7995,-30.2521
682.941,266.829,352.720,-10.0000,21.5021,-28.8253
690.641,290.258,350.438,-10.0000,20.5702,-29.6114
703.498,297.238,356.631,-10.0000,20.0064,-30.0809
708.978,370.491,354.335,88.7988,37.5136,-12.1222
718.624,418.086,351.014,-10.0000,8.4779,-38.9499
734.533,417.578,353.155,-10.0000,41.3169,-6.5686
741.376,479.560,355.231,-10.0000,28.8348,-22.0894
751.313,507.311,347.947,-10.0000,35.0014,-15.3205
757.308,531.959,349.112,-10.0000,26.1050,-24.7276
738.133,511.548,357.724,-10.0000,33.2170,-17.4180
728.690,477.151,363.876,-10.0000,34.6505,-15.7435
721.302,447.664,366.316,-10.0000,36.1127,-13.9443
708.776,439.422,356.940,-10.0000,39.0656,-9.9742
700.108,404.669,362.161,88.8157,16.8233,-32.6547
693.176,319.130,363.648,69.9366,44.9231,-0.1534
680.286,306.109,358.590,49.4804,22.8722,-27.6451
666.244,277.428,362.067,66.8562,-16.9542,-57.4488
658.463,253.783,363.538,-10.0000,-6.3207,-49.4922
645.871,242.378,363.033,80.6984,8.6288,-38.8401
638.703,227.454,363.439,67.4522,11.8034,-36.5025
626.753,225.149,363.067,88.9764,29.3542,-21.5662
620.324,214.491,365.739,76.2342,-52.1382,69.5544
606.462,192.705,363.731,17.6725,-51.9446,19.5890
600.398,191.411,358.235,37.5948,28.3337,-22.5874
587.081,170.990,365.424,57.0322,24.3962,-26.2947
574.974,167.228,362.577,44.7077,29.9316,-20.9757
570.340,182.597,362.339,41.6407,25.2793,-25.4922
563.733,169.531,366.807,52.1435,24.6746,-26.0434
546.939,183.959,362.859,47.7615,28.2052,-22.7140
534.630,178.009,359.144,53.8073,32.7663,-17.9280
532.615,165.252,362.864,45.9571,28.7176,-22.2065
522.956,178.994,359.289,41.1223,33.7493,-16.8059
512.417,166.067,364.862,42.6981,28.0262,-22.8897
499.599,180.832,359.660,37.7418,31.3971,-19.4327
487.832,180.657,360.201,-10.0000,-28.9495,-21.9744
475.845,177.607,361.655,33.9775,32.7443,-17.9526
466.357,188.736,364.625,-3.0594,-21.9039,-28.4824
459.676,219.052,361.208,20.4134,42.3377,-85.1108
451.526,239.502,365.058,51.5891,50.7786,74.9641
441.259,258.213,363.108,46.9172,48.4496,82.0772
433.213,269.243,366.541,-10.0000,44.1217,-1.7051
415.842,166.888,360.263,-10.0000,-21.5641,-28.7726
410.808,172.414,366.054,41.8178,15.7934,-33.4629
387.847,180.934,365.076,48.6054,10.1480,-37.7288
379.003,424.177,364.456,56.0325,-22.3157,-61.8718
373.133,492.016,362.377,-10.0000,36.0344,-75.9568
358.352,381.721,361.797,-10.0000,28.9550,-68.0311
364.398,409.201,370.378,-10.0000,26.0501,-65.2212
379.012,431.359,367.314,60.9863,-19.7894,-59.7396
381.610,462.808,369.733,57.1491,-12.7439,-54.2025
394.342,402.140,376.004,-10.0000,-14.6075,-55.6195
406.147,330.136,376.608,75.5718,-3.7227,-47.6370
417.863,181.186,375.498,58.9371,22.2857,-28.1540
428.045,262.506,373.043,16.4359,36.3461,-76.3522
433.132,250.911,376.604,13.3487,-3.5234,-42.5046
445.014,229.656,376.861,26.2028,18.8126,-58.9392
458.137,204.248,372.251,17.0862,51.7759,71.1303
468.020,223.403,376.440,84.0964,-4.0579,-47.8754
472.828,210.455,375.786,79.5905,4.0365,-42.1399
485.614,221.824,375.054,81.9504,10.0336,-37.8129
490.384,208.896,375.665,89.2856,8.2414,-39.1216
507.571,203.893,376.459,62.1074,-54.6448,49.6938
514.262,213.598,376.392,64.0172,15.9188,-33.3651
522.333,240.570,376.293,70.7703,2.6199,-43.1458
536.548,198.798,374.273,-10.0000,-8.9966,-38.5721
541.734,190.941,370.407,-4.8440,-36.4389,-13.5292
550.338,223.742,374.447,-10.0000,-45.3430,89.3057
567.677,220.476,372.353,-10.0000,-26.6480,-65.7833
573.051,214.071,372.962,-10.0000,-50.4330,76.1575
586.580,217.806,368.718,69.9772,-15.3686,-56.2069
596.917,218.357,372.851,-10.0000,4.8632,-41.5509
603.152,223.190,370.219,-10.0000,16.5170,-32.8962
614.863,222.479,370.835,73.1310,26.9071,-23.9707
627.095,228.079,371.963,87.2400,2.6270,-43.1408
633.794,238.066,372.517,39.1208,51.3246,17.0541
646.874,250.954,373.950,50.0567,46.5926,3.3788
658.660,287.920,373.541,1.6931,53.7113,60.6330
668.256,318.835,375.663,29.3410,54.6573,40.6406
677.991,379.430,374.046,12.0284,35.8759,-75.7576
684.625,429.878,369.709,87.1275,29.3644,-21.5558
690.157,425.903,367.971,-10.0000,21.1711,-29.1060
706.119,446.010,375.913,-10.0000,27.9049,-23.0083
716.169,462.670,370.201,-10.0000,36.3862,-13.5966
722.622,498.409,370.522,-10.0000,30.2177,-20.6796
708.528,495.302,378.079,-10.0000,21.5033,-28.8243
702.001,441.910,377.395,-10.0000,25.8949,-24.9235
690.461,430.912,380.096,89.1935,15.8038,-33.4548
678.159,421.020,379.021,-10.0000,41.5042,-6.2673
667.907,438.834,383.240,-10.0000,17.8635,-31.8271
661.670,433.990,385.838,-10.0000,32.8954,-17.7827
649.965,434.756,385.397,25.3079,50.4922,75.9574
644.838,444.023,385.245,34.1382,48.3623,82.3090
633.991,454.993,386.736,-10.0000,-37.1351,-77.3752
616.435,456.142,386.065,-10.0000,-12.7254,-54.1885
611.064,462.521,385.387,-10.0000,-22.5321,-62.0591
598.938,457.766,386.856,-10.0000,-4.9021,-48.4769
595.011,482.144,384.840,-10.0000,-21.1522,-60.8781
581.398,459.041,386.575,82.7327,-12.1597,-53.7638
571.747,245.767,384.981,44.6970,21.3496,-28.9549
559.060,256.624,386.244,66.8524,13.7971,-35.0002
546.052,458.576,384.581,84.9622,-34.6409,-74.2450
539.716,452.585,386.790,55.3580,-41.7972,-84.2100
526.270,432.065,385.485,-10.0000,-23.1038,-62.5575
523.562,435.077,384.597,-10.0000,-20.0324,-59.9407
507.708,420.868,384.637,-10.0000,15.2705,-56.1309
505.581,322.276,385.175,-10.0000,0.5478,-44.6126
490.453,353.622,382.869,-10.0000,26.1101,-65.2772
483.423,337.908,383.309,58.6536,-17.2730,-57.7016
468.703,339.416,381.538,88.2567,-32.2520,-71.4992
460.870,350.814,386.167,70.2748,-3.5764,-47.5330
454.101,356.958,384.417,81.3023,1.4435,-43.9791
438.970,370.818,385.370,83.2096,2.8505,-42.9823
431.996,357.931,382.131,79.7911,-21.1152,-60.8467
421.191,370.424,380.037,-10.0000,4.1999,-47.9765
411.677,397.063,383.493,-10.0000,43.8932,-87.8673
401.884,422.052,381.710,-10.0000,1.6986,-46.2015
393.920,396.611,377.898,70.4395,-17.8948,-58.1981
382.489,399.548,384.130,69.7351,-15.6937,-56.4595
375.332,450.402,381.754,58.7565,-19.6894,-59.6571
384.849,500.016,389.361,79.0172,-16.0749,-56.7570
396.332,424.499,388.078,81.0168,10.7823,-37.2610
406.027,399.057,388.225,-10.0000,19.9915,-30.0933
411.803,405.143,388.257,-10.0000,-0.9661,-45.6832
425.585,422.703,390.063,89.9618,5.2372,-41.2838
435.224,396.641,387.802,-10.0000,-2.7049,-46.9144
443.146,421.416,389.807,-10.0000,-17.6663,-58.0151
450.489,439.398,389.822,80.1617,-8.6023,-51.1406
463.716,457.259,390.863,-10.0000,1.3133,-44.0712
470.341,437.391,388.423,63.4335,31.0687,-19.7843
480.135,442.723,388.154,71.6573,22.0974,-28.3162
496.193,423.143,388.832,81.2509,-35.3893,-75.1533
507.144,428.762,389.713,67.0013,-33.8967,-73.3657
514.737,434.195,389.234,-10.0000,-23.7597,-63.1362
519.046,470.544,387.967,71.8740,23.0890,-27.4555
529.857,475.004,392.238,-10.0000,-32.8820,-17.7978
546.935,468.189,387.234,70.5102,-1.9323,-46.3670
553.240,474.070,387.995,-10.0000,2.1590,-43.4724
558.499,466.492,387.660,84.1876,21.8902,-28.4941
571.486,481.448,388.428,63.9606,14.6136,-34.3758
581.497,456.538,390.022,-10.0000,10.3685,-52.4336
594.819,466.233,392.442,-10.0000,8.3267,-39.0597
604.452,452.525,391.036,-10.0000,-11.5020,-53.2729
611.304,464.443,391.295,-10.0000,8.8524,-38.6773
622.521,457.629,392.041,-10.0000,-12.2022,-53.7956
633.117,443.706,389.816,-10.0000,-7.3096,-50.2041
639.546,450.083,391.933,-10.0000,-12.4618,-53.9903
654.714,419.082,395.278,-10.0000,-19.4037,-59.4221
664.881,399.573,394.774,-10.0000,5.8170,-40.8690
675.991,391.913,392.917,78.9923,3.0690,-42.8273
680.868,379.426,393.707,87.0091,-22.6241,-62.1389
695.357,340.854,392.666,-10.0000,46.8429,3.9488
673.748,340.529,405.378,9.2266,48.6463,81.5477
663.919,345.100,398.131,54.0530,53.6747,29.0950
661.055,351.771,398.936,37.5164,52.1283,69.5989
648.504,303.608,399.926,70.6621,39.7339,-9.0019
639.347,408.487,397.028,-10.0000,-1.8786,-46.3290
623.768,428.365,397.371,-10.0000,-4.9577,-41.4834
620.365,429.631,400.419,-10.0000,-17.4666,-32.1443
603.940,526.704,397.050,-10.0000,-3.0763,-42.8221
601.120,529.078,397.238,-10.0000,-13.8530,-34.9577
591.061,247.000,402.202,-10.0000,-40.0214,-8.5740
581.938,245.787,402.973,-10.0000,-39.9275,-8.7145
563.708,528.745,398.031,88.5434,2.8368,-42.9920
563.457,525.794,397.296,87.5440,3.1977,-42.7359
546.915,248.867,403.413,-10.0000,-30.2107,-20.6869
537.535,497.395,396.949,-10.0000,-0.7354,-45.5200
523.758,257.811,401.357,-10.0000,-12.3023,-36.1294
523.237,432.918,406.197,-10.0000,-51.1951,16.5591
507.503,270.224,404.257,-9.3188,-4.4303,-41.8595
496.578,281.022,401.195,-10.0000,4.7425,-48.3631
484.326,389.710,397.185,-8.1262,50.0306,77.4765
475.074,349.538,404.465,-6.7573,41.9774,-84.5074
475.213,345.769,411.850,0.6892,42.5777,-85.5198
485.685,393.256,408.309,-7.8376,50.7547,75.0486
497.003,282.783,412.843,-3.6674,7.9038,-50.6336
508.337,423.056,416.183,8.3930,-54.7346,45.5051
515.693,427.955,408.121,-8.3222,-52.5463,22.3782
526.897,434.915,413.147,-5.0512,-52.3570,21.4586
535.548,252.734,408.791,-4.4244,-26.2336,-24.6072
551.163,248.239,410.370,-2.3158,-37.8098,-11.7234
558.805,246.976,410.093,-2.9172,-39.7277,-9.0111
570.325,246.460,409.398,-3.2827,-42.9002,-3.9217
576.195,246.391,409.180,-4.4084,-44.4127,-1.1512
588.002,247.089,408.465,-7.9126,-46.7925,3.8331
599.988,250.123,406.985,-6.4223,-49.3569,10.4610
612.236,254.138,410.640,1.1252,52.5037,22.1672
620.900,433.902,413.556,3.4740,-24.7553,-25.9702
634.098,425.582,410.182,3.1548,-1.3273,-44.0612
643.011,416.727,412.695,7.1417,-1.2779,-44.0962
653.737,403.312,416.616,2.9315,14.7971,-55.7654
664.141,385.579,409.623,1.3007,25.1950,-64.4306
673.026,342.418,410.960,4.2498,46.8866,85.9505
673.502,339.227,422.820,-0.3371,46.5248,86.7738
664.725,383.942,422.462,-0.1677,29.3158,-68.3949
654.952,401.511,417.152,0.5166,13.3384,-54.6515
643.067,415.146,425.539,3.3703,3.5319,-47.5014
632.251,427.391,422.003,-0.6684,-2.9649,-42.9011
621.209,435.525,425.978,-10.0000,-8.9278,-38.6223
614.618,436.438,419.787,-10.0000,-26.0913,-24.7403
600.301,250.771,425.259,-2.4824,-49.9209,12.1758
588.702,247.840,426.879,-1.3128,-49.8460,11.9412
582.235,246.219,421.318,-0.0513,-48.1894,7.2379
564.637,246.624,421.911,-0.8999,-41.5827,-6.1401
546.679,249.312,418.067,0.4376,-35.6375,-14.5398
535.777,253.460,420.877,-0.6956,-27.7468,-23.1624
526.919,434.348,417.911,6.2484,-53.0825,25.2504
520.890,431.203,425.349,2.3845,-53.8920,30.7894
506.064,421.236,423.034,1.5514,54.6674,40.9313
495.614,409.038,421.253,8.6657,54.7331,44.2099
485.857,391.314,421.266,1.2246,52.7072,66.8054
476.201,343.960,422.588,-4.6736,41.5104,-83.7427
476.412,345.570,430.364,-3.9884,41.2176,-83.2730
487.928,394.800,432.378,-4.7131,51.5072,72.2291
498.055,412.553,432.354,-7.5549,54.5554,51.6085
506.292,423.046,428.603,-1.0611,54.7235,46.7150
516.150,429.647,432.216,19.7703,52.7495,23.4153
529.891,256.204,433.747,-2.1973,-23.4564,-27.1324
541.566,251.152,427.554,-0.9184,-30.0190,-20.8856
552.397,248.271,428.540,2.9329,-39.2871,-9.6552
558.810,246.923,433.664,1.4548,-40.2342,-8.2536
570.749,245.875,433.529,5.2419,-46.2502,2.6172
576.439,246.118,427.756,0.4849,-46.3488,2.8343
589.385,247.965,433.858,1.0293,-50.2124,13.1106
600.087,250.417,431.480,7.3191,-52.5803,22.5476
615.856,440.740,433.183,12.2798,-32.7249,-17.9744
624.512,433.691,432.605,-2.1444,-3.1840,-42.7457
632.382,427.053,433.088,1.0282,-1.0158,-44.2817
645.093,413.667,432.350,1.0645,-0.5555,-44.6072
653.947,402.408,429.373,-3.2928,8.7942,-51.2803
664.617,385.777,428.040,0.4453,27.5480,-66.6447
673.495,342.766,430.366,1.5901,46.0377,87.8450
673.156,344.670,441.603,-3.1141,42.2078,-84.8920
664.797,383.843,441.016,0.8155,29.7255,-68.8125
653.829,403.310,441.221,2.1414,12.1459,-53.7535
644.564,274.829,446.526,0.0195,54.6981,41.9823
634.054,423.558,441.673,0.1550,6.9124,-49.9177
623.260,435.624,438.194,3.0728,-15.0000,-34.0782
615.662,437.029,440.668,19.2412,-43.1409,-3.4981
600.410,249.891,437.873,5.2326,-52.3216,21.2912
588.012,247.552,443.148,1.8371,-50.0901,12.7140
582.615,246.572,445.851,1.3280,-49.0748,9.6449
558.824,247.011,441.490,-0.8055,-39.5604,-9.2572
547.460,249.077,440.318,-0.6515,-34.0655,-16.4368
540.388,251.592,442.634,-1.2494,-30.1116,-20.7898
536.162,253.270,445.655,1.2066,-28.6370,-22.2868
518.390,263.106,437.321,-1.1627,-14.2572,-34.6490
508.828,426.489,439.734,15.3616,54.2693,34.3992
499.329,414.277,437.907,15.8584,54.3211,34.9998
488.815,396.563,437.933,0.1185,52.0121,70.1160
476.556,343.629,443.321,0.6170,43.1112,-86.4494
476.470,347.294,454.465,-3.4472,43.5060,-87.1566
487.380,394.746,450.917,1.7114,52.5114,67.7947
496.293,413.152,452.596,-10.0000,52.9366,65.5765
506.601,422.920,447.129,8.4259,54.7342,45.5951
524.921,259.403,450.220,-0.1994,-17.1912,-32.3634
530.450,255.372,451.285,-0.5790,-23.3378,-27.2369
536.207,253.310,451.738,-0.7168,-28.1080,-22.8095
553.023,247.597,452.306,-0.9705,-38.5713,-10.6743
558.860,247.056,448.639,1.5177,-40.9614,-7.1321
570.914,245.860,451.861,0.7744,-44.4620,-1.0563
582.609,246.548,456.638,-5.4530,-45.9063,1.8729
588.647,247.455,451.482,2.4755,-50.0184,12.4845
600.412,250.060,450.628,-2.0320,-50.6476,14.5766
615.486,255.587,452.359,-3.2645,-51.5454,17.9238
621.621,436.301,450.373,11.5165,-17.3569,-32.2317
633.538,425.429,447.251,-1.5736,0.6045,-45.4275
644.413,413.356,450.729,-6.8947,2.3794,-46.6837
656.055,399.392,448.625,1.4052,20.9110,-60.6746
664.355,300.169,449.720,-0.8403,53.4223,62.6561
672.899,345.002,452.854,4.0322,47.1820,85.2596
672.272,339.421,460.649,10.0273,48.2493,82.6059
664.596,305.030,466.781,50.1920,53.2373,26.1723
654.167,400.875,460.553,7.6977,17.6793,-58.0256
645.809,417.202,461.979,13.4296,19.9017,-59.8324
632.479,422.312,466.807,36.0170,-42.3188,-4.9211
621.252,429.174,465.037,31.3139,-16.5896,-32.8391
613.848,437.217,459.644,2.0447,-12.5620,-35.9344
600.800,250.378,462.363,18.4647,45.3229,0.6532
594.822,249.046,463.043,19.7003,44.5214,-0.9416
577.035,247.001,464.440,-10.0000,-39.2571,-9.6986
571.153,246.926,464.707,-10.0000,-33.3302,-17.2888
565.138,246.274,459.000,-8.1106,-39.2238,-9.7468
553.515,247.954,458.932,-9.6308,-34.0250,-16.4844
541.632,252.327,464.257,-10.0000,-20.1259,-29.9818
530.615,255.876,457.299,-3.2617,-21.3625,-28.9439
519.502,263.083,461.580,-10.0000,-9.3801,-38.2921
508.198,426.447,458.249,17.4168,54.4095,36.1232
500.172,415.937,461.997,-9.3742,54.3078,55.1579
486.935,392.329,463.809,-10.0000,48.2488,82.6073
476.858,343.505,461.847,-10.0000,40.3587,-81.9356
481.546,346.775,472.923,-10.0000,31.2965,-70.4593
494.768,390.866,476.847,57.0540,-36.1435,-76.0947
501.592,401.887,476.044,61.9092,-36.5862,-76.6601
509.161,423.834,469.353,62.6352,-36.1580,-76.1131
526.918,424.297,474.981,55.3228,-50.1150,12.7944
535.904,257.707,468.708,-10.0000,-14.2264,-34.6726
547.790,253.624,469.788,-10.0000,-20.6452,-29.5486
554.955,254.830,473.047,44.0455,19.2130,-30.7342
559.310,251.473,469.972,-10.0000,-24.6106,-26.1013
571.944,249.629,469.729,37.1015,27.9989,-22.9165
584.889,444.184,473.986,43.7288,-51.0121,15.8775
595.437,254.774,473.487,48.9479,34.1541,-16.3328
606.351,256.911,471.969,52.1633,34.5046,-15.9177
615.459,428.937,472.474,-10.0000,-45.6932,88.5788
626.757,422.488,474.051,-10.0000,-44.4735,-88.9658
637.415,409.339,474.498,-10.0000,-10.4855,-52.5199
647.949,396.193,474.565,-10.0000,26.4412,-24.4121
658.432,371.346,476.420,-10.0000,41.8210,-5.7509
666.510,344.470,471.873,87.0264,48.3528,7.6659
669.671,355.026,468.976,67.6132,54.2799,34.5187
660.766,334.370,477.703,85.7512,45.2681,0.5413
655.438,343.475,483.308,-10.0000,43.1821,-3.4249
646.548,375.109,485.412,-10.0000,34.4821,-15.9446
636.337,394.263,484.826,-10.0000,25.2255,-25.5416
625.936,411.305,482.988,-10.0000,-46.2287,87.4299
614.419,414.166,483.741,-10.0000,-37.4388,-77.7778
602.903,271.035,486.401,58.9968,33.6118,-16.9650
590.555,263.357,483.380,52.8330,28.9952,-21.9286
584.484,262.926,483.618,52.4648,28.6707,-22.2531
575.296,258.674,479.735,48.7645,24.5533,-26.1531
562.501,263.068,482.996,50.3489,19.1253,-30.8059
549.521,266.802,483.798,48.1150,14.6900,-34.3171
543.789,268.667,483.428,46.3522,11.8961,-36.4333
532.421,272.028,481.046,-10.0000,-8.9606,-38.5984
520.410,415.128,483.174,65.4468,-42.8266,-85.9498
511.858,401.345,486.246,59.6701,-33.6389,-73.0663
499.803,375.570,486.253,57.5178,-30.2973,-69.4031
488.141,365.943,478.400,55.8799,-28.9916,-68.0678
499.461,345.195,491.197,52.8633,-24.9436,-64.2010
508.669,364.853,496.757,52.1818,-30.5587,-69.6765
515.354,388.476,494.965,55.1939,-34.1231,-73.6307
526.408,398.736,491.174,77.2346,50.1678,12.9651
537.699,408.989,493.541,-10.0000,37.4571,-12.1977
549.808,272.263,489.279,47.3632,14.8691,-34.1792
561.560,269.372,488.633,45.9136,19.5887,-30.4259
573.166,267.445,488.782,48.2845,22.2528,-28.1824
584.892,267.103,488.409,51.4494,29.2114,-21.7108
592.655,277.953,496.669,85.4511,14.4343,-34.5134
602.254,406.938,496.500,-10.0000,-22.9829,-62.4516
613.456,400.004,496.877,-10.0000,-18.9927,-59.0859
624.501,391.821,493.407,-10.0000,25.9054,-24.9137
635.070,373.055,496.075,-10.0000,30.1980,-20.7001
643.694,335.381,495.245,87.1337,45.8850,1.8273
650.982,337.711,487.540,86.9503,45.2203,0.4440
639.813,342.960,498.566,-10.0000,41.8237,-5.7465
626.636,381.075,498.977,-10.0000,25.5832,-25.2124
616.382,291.174,497.783,63.3646,38.3192,-11.0254
607.593,399.694,499.851,-10.0000,-33.6395,-73.0670
598.792,407.585,497.648,-10.0000,-26.0445,-65.2159
585.810,276.789,497.554,56.5618,28.3517,-22.5696
579.904,276.398,497.924,52.0127,25.1302,-25.6288
568.177,276.735,498.297,48.9978,21.9963,-28.4031
556.605,279.095,498.007,43.6669,16.5782,-32.8481
545.606,282.223,497.421,-10.0000,-11.7284,-36.5585
531.920,409.104,499.907,40.6035,-54.1536,33.1686
521.255,395.405,498.636,61.2320,48.2195,7.3162
510.729,365.527,499.302,50.4471,-30.3609,-69.4695
508.364,359.290,498.579,50.8170,-31.3047,-70.4681
0.000,0.000,0.000,90.0000,nan,-45.0000
0.000,0.000,0.000,90.0000,0.0000,nan
0.000,0.000,0.000,-0.0000,-45.0000,-90.0000
0.000,0.000,0.000,-10.0000,0.1801,-26.2649
0.000,0.000,0.000,-10.0000,-1.4157,-46.0013
0.000,0.000,0.000,-10.0000,nan,nan
0.000,0.000,0.000,nan,-90.0000,-90.0000
0.000,0.000,0.000,-0.0000,-45.0000,-90.0000
0.000,0.000,0.000,-10.0000,-0.2602,-84.0293
0.000,0.000,0.000,63.4743,17.8152,-31.8658
0.000,0.000,0.000,-10.0000,nan,nan
0.000,0.000,0.000,nan,-90.0000,-90.0000
0.000,0.000,0.000,-0.0000,-45.0000,-90.0000
0.000,0.000,0.000,-10.0000,-0.2611,-83.2164
0.000,0.000,0.000,72.2371,22.0724,-28.3378
0.000,0.000,0.000,-10.0000,nan,nan
0.000,0.000,0.000,nan,-90.0000,-90.0000
0.000,0.000,0.000,-0.0000,-45.0000,-90.0000
0.000,0.000,0.000,-10.0000,-0.2608,-82.0540
0.000,0.000,0.000,80.0502,-4.2368,-48.0027
0.000,0.000,0.000,0.0000,0.0000,0.0000